#Year  Day  mSec  Ne  n_mu  RA  DEC
2018.0 97.0 18722420.0 257000.0 14.0 307.52 39.32
2018.0 98.0 30251751.0 51500.0 5.2 302.61 40.6
2018.0 101.0 26473525.0 24500.0 3.4 304.51 41.83
2018.0 101.0 27522428.0 10500.0 0.0 312.09 40.43
2018.0 102.0 20440638.0 16500.0 0.0 308.27 41.11
2018.0 102.0 32274722.0 96700.0 3.4 305.69 44.22
2018.0 104.0 19783540.0 74900.0 3.2 307.31 45.17
2018.0 105.0 22734106.0 191000.0 11.6 311.64 39.0
2018.0 105.0 25778596.0 317000.0 26.3 309.18 39.36
2018.0 106.0 19937365.0 103000.0 5.7 303.37 43.1
2018.0 110.0 16436381.0 13000.0 1.2 306.78 39.03
2018.0 115.0 25661692.0 133000.0 7.4 308.86 38.34
2018.0 117.0 24552977.0 97900.0 3.8 313.02 41.06
2018.0 118.0 26827341.0 19800.0 0.0 306.53 39.91
2018.0 122.0 19068024.0 54300.0 28.2 304.24 44.67
2018.0 123.0 22824055.0 8980.0 1.8 310.86 39.58
2018.0 124.0 22493886.0 77400.0 6.5 305.72 41.93
2018.0 133.0 24113838.0 214000.0 13.1 307.54 41.48
2018.0 134.0 11803451.0 2820.0 31.0 310.2 44.27
2018.0 134.0 20632499.0 282000.0 13.2 310.48 41.16
2018.0 134.0 21757716.0 268000.0 8.9 303.23 44.22
2018.0 136.0 13338937.0 274000.0 8.0 311.82 44.31
2018.0 146.0 8983324.0 82900.0 2.5 304.67 44.7
2018.0 146.0 21994152.0 45300.0 2.0 303.93 42.76
2018.0 148.0 27787862.0 270000.0 49.6 310.83 40.3
2018.0 150.0 7675541.0 43500.0 3.2 310.96 41.16
2018.0 150.0 17094999.0 134000.0 7.0 313.22 42.55
2018.0 151.0 15300634.0 122000.0 7.7 307.81 43.91
2018.0 151.0 18834838.0 30100.0 3.0 313.0 41.95
2018.0 152.0 15536564.0 22500.0 6.5 310.47 38.74
2018.0 152.0 23584700.0 69900.0 36.6 313.06 42.14
2018.0 157.0 14551152.0 270000.0 5.5 302.96 44.62
2018.0 158.0 12264269.0 563000.0 36.2 308.8 38.2
2018.0 160.0 10555498.0 21500.0 3.6 312.07 41.68
2018.0 160.0 16664238.0 6510.0 1.8 304.09 44.17
2018.0 173.0 15197449.0 135000.0 7.1 310.24 42.5
2018.0 174.0 6285771.0 31200.0 5.8 305.53 43.49
2018.0 174.0 14019443.0 44900.0 5.8 309.99 38.25
2018.0 176.0 16081477.0 62300.0 6.9 305.16 44.35
2018.0 177.0 6381327.0 59100.0 0.0 311.01 41.09
2018.0 177.0 13497118.0 1620000.0 85.0 303.89 40.52
2018.0 178.0 13882170.0 31500.0 7.7 313.04 41.82
2018.0 178.0 20632517.0 9180.0 1.9 311.31 44.56
2018.0 179.0 8353988.0 49100.0 5.9 310.7 38.7
2018.0 179.0 8840721.0 89900.0 5.5 312.53 41.4
2018.0 179.0 18299544.0 89600.0 6.3 303.41 42.14
2018.0 180.0 6934452.0 606000.0 19.4 307.28 39.52
2018.0 180.0 13746172.0 21900.0 1.1 307.58 42.69
2018.0 182.0 2776147.0 91300.0 1.0 310.18 43.13
2018.0 183.0 3662648.0 8660.0 1.7 306.94 44.03
2018.0 184.0 6008313.0 57700.0 7.5 309.94 42.17
2018.0 209.0 83321830.0 77200.0 36.9 307.58 36.95
2018.0 210.0 7789209.0 2940.0 0.0 311.31 41.7
2018.0 214.0 1317280.0 7490.0 0.0 309.25 42.92
2018.0 220.0 77509940.0 93700.0 11.6 310.81 38.81
2018.0 220.0 79677554.0 2850.0 0.0 303.8 45.15
2018.0 220.0 81721425.0 27500.0 3.9 311.51 39.61
2018.0 222.0 1235706.0 146000.0 5.8 307.77 42.56
2018.0 223.0 8035803.0 64300.0 4.9 307.66 39.81
2018.0 225.0 7668033.0 29900.0 9.4 301.91 42.44
2018.0 228.0 841788.0 437000.0 20.2 310.18 44.04
2018.0 229.0 143032.0 71100.0 5.5 306.28 45.11
2018.0 229.0 9640904.0 10800.0 0.8 310.14 45.13
2018.0 229.0 78794093.0 61600.0 5.5 303.7 38.59
2018.0 231.0 77139822.0 118000.0 15.6 306.1 43.86
2018.0 232.0 76448113.0 364000.0 14.7 307.19 41.79
2018.0 236.0 75234408.0 26000.0 5.4 309.39 38.59
2018.0 237.0 1576316.0 9570.0 2.2 309.63 42.07
2018.0 237.0 79379917.0 39700.0 1.6 302.14 43.47
2018.0 241.0 76147972.0 12400.0 2.8 309.34 44.66
2018.0 241.0 83751363.0 36600.0 1.8 305.42 42.78
2018.0 244.0 71542069.0 24300.0 0.8 302.16 42.42
2018.0 244.0 84950134.0 48500.0 8.0 305.28 39.31
2018.0 247.0 81220181.0 27900.0 1.6 306.94 39.97
2018.0 248.0 485306.0 52400.0 53.4 309.93 38.59
2018.0 248.0 75713397.0 44000.0 12.3 307.11 41.03
2018.0 250.0 78284012.0 18300.0 6.8 306.37 44.62
2018.0 251.0 83702218.0 45700.0 6.1 310.49 41.86
2018.0 252.0 70750884.0 117000.0 13.6 304.81 41.97
2018.0 252.0 80559767.0 159000.0 2.1 302.24 38.88
2018.0 254.0 73998937.0 20900.0 4.6 308.27 43.64
2018.0 254.0 82341997.0 7590.0 3.5 312.95 40.49
2018.0 256.0 71716785.0 95400.0 2.0 312.14 39.32
2018.0 258.0 69157644.0 135000.0 6.3 311.78 42.73
2018.0 258.0 71866488.0 179000.0 10.1 304.54 38.21
2018.0 258.0 75863942.0 163000.0 11.0 302.32 39.23
2018.0 260.0 69553117.0 39700.0 0.0 303.13 43.9
2018.0 260.0 78517944.0 70000.0 6.0 301.1 42.53
2018.0 261.0 72748158.0 18000.0 3.1 305.05 42.95
2018.0 261.0 85627929.0 350000.0 23.4 307.49 41.25
2018.0 264.0 72529589.0 5620.0 1.0 308.85 39.76
2018.0 264.0 76295991.0 5010.0 0.0 302.23 39.3
2018.0 264.0 76957719.0 12700.0 3.1 306.36 39.21
2018.0 265.0 68192751.0 38100.0 75.1 312.88 40.83
2018.0 266.0 69540349.0 7510.0 1.5 301.77 41.07
2018.0 266.0 70173941.0 65200.0 10.6 303.97 38.37
2018.0 266.0 73827744.0 21700.0 3.2 310.43 44.89
2018.0 266.0 84179824.0 41900.0 5.9 310.02 43.0
2018.0 267.0 78385796.0 15600.0 5.2 308.49 36.9
2018.0 268.0 75886363.0 129000.0 4.8 312.64 40.44
2018.0 268.0 80077448.0 43200.0 2.5 306.75 43.7
2018.0 269.0 67867579.0 49400.0 10.5 306.5 39.84
2018.0 269.0 72908145.0 204000.0 43.2 308.28 44.93
2018.0 270.0 70368625.0 279000.0 21.4 302.79 41.27
2018.0 270.0 84156810.0 16200.0 9.3 305.12 43.73
2018.0 274.0 67240159.0 221000.0 12.1 310.2 38.49
2018.0 275.0 66695245.0 234000.0 10.1 308.78 38.28
2018.0 275.0 70529054.0 20800.0 0.0 305.31 41.53
2018.0 275.0 72459565.0 31700.0 2.2 306.07 42.14
2018.0 279.0 63431761.0 265000.0 14.4 302.53 39.88
2018.0 279.0 74933114.0 12300.0 4.9 304.19 39.5
2018.0 281.0 66127998.0 68000.0 8.8 306.64 36.86
2018.0 286.0 67033215.0 94500.0 7.9 309.71 39.79
2018.0 286.0 73555246.0 40500.0 15.1 308.97 40.95
2018.0 287.0 57302265.0 12900.0 7.9 306.33 44.11
2018.0 287.0 67938548.0 64100.0 19.9 311.14 39.82
2018.0 287.0 77466385.0 25600.0 5.5 306.36 41.78
2018.0 288.0 60396133.0 572000.0 27.3 304.54 45.59
2018.0 288.0 61430491.0 4920.0 2.4 305.5 40.82
2018.0 288.0 75113051.0 166000.0 12.0 311.23 41.02
2018.0 290.0 67545226.0 60300.0 8.9 308.01 39.33
2018.0 290.0 72996699.0 543000.0 13.3 309.64 43.36
2018.0 291.0 71528934.0 164000.0 0.5 311.17 40.35
2018.0 291.0 72655128.0 160000.0 8.6 305.66 37.29
2018.0 292.0 72093108.0 98900.0 7.5 304.02 45.22
2018.0 294.0 64846728.0 53800.0 4.6 304.09 41.22
2018.0 294.0 67534621.0 52700.0 5.5 311.85 40.7
2018.0 294.0 70295523.0 172000.0 9.9 303.52 38.27
2018.0 295.0 67374969.0 35600.0 4.5 306.45 44.27
2018.0 298.0 66222393.0 318000.0 13.5 304.98 39.91
2018.0 304.0 68418542.0 134000.0 1.8 302.27 41.57
2018.0 305.0 67076235.0 133000.0 3.7 306.93 37.34
2018.0 306.0 59044654.0 23000.0 6.4 310.67 41.23
2018.0 306.0 65516375.0 171000.0 7.4 312.4 38.92
2018.0 307.0 63225074.0 199000.0 8.1 302.47 38.84
2018.0 308.0 69540465.0 152000.0 12.9 308.7 39.54
2018.0 312.0 55575782.0 10800.0 0.0 307.24 43.58
2018.0 312.0 57038476.0 170000.0 10.2 303.5 40.14
2018.0 313.0 57358592.0 104000.0 0.0 306.47 45.65
2018.0 313.0 66683656.0 17800.0 4.6 312.11 42.18
2018.0 315.0 55933634.0 5700.0 3.9 307.82 38.79
2018.0 316.0 57873945.0 584000.0 22.3 308.85 37.88
2018.0 317.0 67338048.0 28200.0 6.8 305.49 43.54
2018.0 317.0 72305119.0 30300.0 10.5 309.29 44.96
2018.0 318.0 48634538.0 12300.0 10.4 304.74 39.73
2018.0 318.0 64080215.0 15800.0 0.8 308.63 44.86
2018.0 319.0 54121359.0 176000.0 8.8 306.6 43.33
2018.0 321.0 63825093.0 113000.0 8.7 305.78 38.78
2018.0 323.0 64514868.0 357000.0 14.2 309.16 42.28
2018.0 324.0 61340195.0 88900.0 9.0 305.42 38.39
2018.0 327.0 61582570.0 45400.0 4.8 312.99 41.3
2018.0 328.0 59828702.0 989000.0 20.6 305.13 44.68
2018.0 329.0 66002851.0 30400.0 5.6 305.29 41.05
2018.0 329.0 66126414.0 50900.0 1.9 307.97 39.24
2018.0 330.0 52282200.0 42100.0 2.8 307.61 38.75
2018.0 330.0 60509323.0 19000.0 4.0 303.63 41.38
2018.0 330.0 62858425.0 82800.0 1.1 308.85 37.77
2018.0 330.0 68504297.0 72600.0 6.7 307.28 45.32
2018.0 332.0 53647429.0 156000.0 20.2 304.66 39.71
2018.0 333.0 61473070.0 23000.0 1.1 311.95 38.45
2018.0 335.0 51448785.0 212000.0 3.0 303.37 38.51
2018.0 335.0 60621376.0 5640.0 0.0 303.9 41.37
2018.0 335.0 65900739.0 16100.0 8.0 307.1 37.98
2018.0 341.0 56278377.0 180000.0 8.2 307.77 43.63
2018.0 341.0 62240625.0 7820.0 0.0 301.04 42.01
2018.0 342.0 50113872.0 67300.0 9.4 307.04 43.8
2018.0 342.0 52490736.0 4820.0 1.1 309.91 38.88
2018.0 343.0 60011310.0 126000.0 2.7 304.85 39.65
2018.0 344.0 63035631.0 4940.0 3.6 302.26 39.24
2018.0 349.0 56223489.0 802000.0 33.7 310.53 39.35
2018.0 351.0 59267430.0 18300.0 5.2 304.92 38.82
2018.0 353.0 49649953.0 233000.0 13.3 304.1 44.62
2018.0 353.0 50302836.0 69100.0 18.2 311.75 44.52
2018.0 354.0 50630460.0 61100.0 2.0 306.39 39.97
2018.0 354.0 62323051.0 61400.0 4.0 310.59 38.82
2018.0 355.0 51487807.0 262000.0 3.8 310.3 43.41
2018.0 355.0 63793788.0 172000.0 16.9 305.23 40.71
2018.0 356.0 55769159.0 97800.0 7.1 302.5 42.99
2018.0 357.0 46405869.0 93700.0 12.6 311.3 42.03
2019.0 2.0 53893713.0 42900.0 0.7 303.77 42.72
2019.0 6.0 48301794.0 40200.0 4.7 310.47 42.8
2019.0 8.0 42565268.0 11800.0 4.1 301.8 41.23
2019.0 8.0 44939143.0 169000.0 5.7 313.03 40.68
2019.0 8.0 47935696.0 25500.0 1.1 306.18 36.77
2019.0 12.0 37106028.0 38600.0 3.0 304.55 40.07
2019.0 12.0 42353626.0 99500.0 10.4 308.13 45.1
2019.0 13.0 40974979.0 43600.0 0.0 305.92 38.82
2019.0 24.0 38269240.0 151000.0 7.6 308.44 40.19
2019.0 24.0 51896805.0 48000.0 1.1 302.96 39.85
2019.0 26.0 45110166.0 11800.0 0.8 311.53 42.95
2019.0 26.0 45626642.0 36600.0 0.7 309.01 40.29
2019.0 26.0 47175048.0 23000.0 4.7 310.32 44.56
2019.0 33.0 47123099.0 11000.0 4.8 310.16 38.8
2019.0 33.0 48658703.0 74500.0 9.7 302.95 42.07
2019.0 34.0 37038729.0 43700.0 0.0 307.48 45.66
2019.0 35.0 38316512.0 114000.0 15.8 304.63 43.79
2019.0 35.0 53825532.0 82500.0 14.0 311.46 38.25
2019.0 37.0 36128432.0 12400.0 7.5 304.26 43.8
2019.0 39.0 35618812.0 46400.0 22.5 310.83 38.06
2019.0 40.0 38418076.0 42200.0 17.8 305.0 42.18
2019.0 41.0 38845534.0 125000.0 2.3 306.64 41.06
2019.0 41.0 49137434.0 64600.0 11.8 308.43 38.24
2019.0 42.0 49422721.0 56900.0 7.2 309.64 40.22
2019.0 44.0 31841318.0 416000.0 43.1 304.26 41.42
2019.0 45.0 36262210.0 21900.0 4.9 308.08 39.74
2019.0 47.0 41012450.0 134000.0 10.3 303.62 39.71
2019.0 47.0 42944134.0 195000.0 9.4 313.02 42.57
2019.0 48.0 44345028.0 25300.0 7.0 303.2 42.98
2019.0 48.0 47186239.0 83000.0 9.2 305.11 44.05
2019.0 50.0 33976070.0 343000.0 17.5 311.23 42.84
2019.0 55.0 32116470.0 235000.0 26.3 310.08 39.79
2019.0 56.0 41226697.0 33600.0 4.1 307.24 41.72
2019.0 57.0 38139428.0 30600.0 16.8 308.27 41.74
2019.0 57.0 45960264.0 38100.0 3.9 307.71 43.18
2019.0 58.0 37532391.0 195000.0 6.6 302.69 40.63
2019.0 59.0 29380695.0 31900.0 3.7 307.59 42.46
2019.0 59.0 29835523.0 161000.0 9.0 303.52 42.95
2019.0 59.0 33924933.0 25700.0 2.9 303.0 43.76
2019.0 60.0 28081030.0 34500.0 8.2 307.65 43.48
2019.0 60.0 38905530.0 102000.0 0.8 310.39 41.67
2019.0 63.0 34909329.0 53500.0 9.7 311.82 42.0
2019.0 63.0 35548870.0 263000.0 18.2 304.57 38.5
2019.0 66.0 36092508.0 1100000.0 19.1 310.58 43.26
2019.0 66.0 47690815.0 31200.0 9.7 310.51 38.07
2019.0 68.0 42951411.0 31800.0 9.4 305.63 40.47
2019.0 72.0 46422006.0 86000.0 14.2 304.61 45.58
2019.0 73.0 30073251.0 59800.0 14.6 306.66 40.72
2019.0 78.0 29120478.0 80200.0 16.9 304.3 38.0
2019.0 78.0 29201738.0 47900.0 8.4 305.04 39.23
2019.0 78.0 32190430.0 26800.0 2.0 311.91 38.53
2019.0 81.0 28239544.0 56100.0 1.8 310.65 42.91
2019.0 83.0 23913208.0 81100.0 2.3 306.38 45.67
2019.0 83.0 31481466.0 44100.0 2.4 308.35 42.45
2019.0 83.0 31800111.0 290000.0 15.1 305.51 45.48
2019.0 87.0 19967531.0 46000.0 5.4 311.94 42.62
2019.0 87.0 30334571.0 104000.0 1.0 311.38 42.04
2019.0 87.0 30673332.0 139000.0 3.6 305.58 37.18
2019.0 90.0 25550697.0 22800.0 1.3 308.27 45.29
2019.0 91.0 23635089.0 68000.0 2.0 310.69 44.43
2019.0 91.0 27461210.0 822000.0 25.8 307.57 38.63
2019.0 91.0 28890804.0 9050.0 1.0 303.33 38.34
2019.0 91.0 41726740.0 45500.0 10.2 312.44 42.51
2019.0 94.0 24615568.0 17700.0 1.9 312.43 40.59
2019.0 95.0 23339693.0 619000.0 28.0 303.37 40.58
2019.0 99.0 22952892.0 32200.0 0.0 307.04 43.18
2019.0 99.0 26735507.0 142000.0 7.7 305.13 41.47
2019.0 103.0 34318354.0 17000.0 4.9 306.94 37.72
2019.0 105.0 19344142.0 59100.0 1.8 305.0 42.29
2019.0 107.0 17602783.0 94700.0 4.0 308.96 41.82
2019.0 110.0 35204010.0 3060.0 4.9 307.15 39.32
2019.0 112.0 24378537.0 22800.0 8.2 306.27 37.62
2019.0 114.0 22943727.0 344000.0 22.4 306.71 37.13
2019.0 117.0 17287523.0 11400.0 2.6 302.32 41.44
2019.0 117.0 22466460.0 68200.0 7.1 309.34 38.82
2019.0 118.0 35630274.0 20000.0 13.6 307.93 42.58
2019.0 119.0 24893884.0 96700.0 10.8 308.01 38.38
2019.0 120.0 16231780.0 135000.0 3.1 301.59 43.18
2019.0 120.0 23113051.0 11200.0 2.5 301.73 43.17
2019.0 120.0 30420267.0 23100.0 22.5 312.08 40.94
2019.0 120.0 30729363.0 15600.0 2.2 305.77 41.24
2019.0 121.0 20927626.0 60200.0 2.1 307.93 45.27
2019.0 125.0 11023253.0 271000.0 10.5 305.91 42.55
2019.0 126.0 12857983.0 173000.0 8.1 305.2 43.62
2019.0 126.0 18282995.0 812000.0 11.0 307.84 37.25
2019.0 126.0 20767041.0 284000.0 34.4 306.32 36.82
2019.0 127.0 18064252.0 22900.0 3.3 309.27 40.16
2019.0 128.0 21576252.0 96800.0 53.4 307.74 43.17
2019.0 128.0 23327127.0 295000.0 6.4 303.65 42.38
2019.0 129.0 24553065.0 33900.0 0.7 311.52 42.47
2019.0 129.0 28680152.0 127000.0 7.4 311.59 40.02
2019.0 131.0 24998242.0 265000.0 7.5 310.3 41.82
2019.0 132.0 9571741.0 31700.0 8.0 304.77 41.79
2019.0 132.0 11719466.0 200000.0 16.0 307.16 45.55
2019.0 132.0 17089349.0 104000.0 4.1 304.44 39.03
2019.0 135.0 18675045.0 73600.0 8.1 306.42 41.55
2019.0 136.0 16105615.0 2550.0 1.6 310.57 42.26
2019.0 137.0 19208393.0 17200.0 0.8 306.66 41.77
2019.0 137.0 24091487.0 168000.0 14.6 301.89 42.37
2019.0 138.0 18266530.0 190000.0 132.4 309.01 37.62
2019.0 139.0 5480689.0 27300.0 1.0 307.41 45.38
2019.0 139.0 15922452.0 45700.0 0.0 304.42 39.78
2019.0 139.0 18587327.0 36700.0 3.4 310.49 40.22
2019.0 139.0 19283229.0 192000.0 4.0 304.24 39.33
2019.0 139.0 26195828.0 63300.0 6.9 301.7 42.82
2019.0 150.0 22685351.0 186000.0 14.7 311.3 38.44
2019.0 151.0 7743012.0 55800.0 10.4 309.23 39.85
2019.0 153.0 11351992.0 70000.0 4.1 308.41 43.79
2019.0 153.0 22706208.0 114000.0 6.8 306.66 38.12
2019.0 153.0 24774268.0 95100.0 6.2 308.93 38.16
2019.0 164.0 15637295.0 57200.0 5.6 306.57 40.46
2019.0 169.0 14329342.0 26900.0 1.8 302.06 41.87
2019.0 178.0 5141104.0 17600.0 0.0 304.66 45.56
2019.0 179.0 6424742.0 146000.0 4.2 307.49 39.54
2019.0 180.0 8567111.0 526000.0 15.6 304.97 40.52
2019.0 181.0 5246989.0 175000.0 13.1 303.99 38.47
2019.0 182.0 6285157.0 94700.0 1.3 306.3 36.81
2019.0 182.0 84006179.0 233000.0 5.5 311.75 38.32
2019.0 183.0 85597277.0 17800.0 2.3 302.31 40.77
2019.0 184.0 17104363.0 61400.0 6.5 311.8 42.28
2019.0 185.0 4424736.0 511000.0 9.6 305.81 44.48
2019.0 186.0 4463060.0 50000.0 7.6 310.34 42.64
2019.0 187.0 1587232.0 247000.0 5.1 304.35 41.1
2019.0 189.0 82164865.0 55600.0 2.4 305.72 45.5
2019.0 190.0 5923589.0 113000.0 4.5 307.23 39.1
2019.0 190.0 16922266.0 84800.0 3.9 306.91 44.7
2019.0 191.0 6261486.0 19000.0 2.8 306.32 42.13
2019.0 191.0 7246821.0 37200.0 1.1 304.04 37.33
2019.0 191.0 12014977.0 82500.0 1.8 311.05 43.44
2019.0 191.0 84234244.0 14400.0 0.1 303.14 41.99
2019.0 191.0 85936091.0 147000.0 8.6 307.21 39.52
2019.0 218.0 2702140.0 12000.0 0.0 308.21 37.03
2019.0 218.0 3760603.0 64200.0 2.9 305.64 38.42
2019.0 219.0 81859268.0 419000.0 18.0 306.64 38.69
2019.0 220.0 953341.0 248000.0 5.4 303.64 44.56
2019.0 220.0 86365133.0 329000.0 11.4 310.61 43.33
2019.0 221.0 83179781.0 44700.0 2.7 307.9 45.2
2019.0 225.0 83237432.0 35400.0 7.4 311.36 41.92
2019.0 226.0 86128308.0 114000.0 20.1 305.58 44.87
2019.0 227.0 318684.0 79700.0 3.1 309.05 45.05
2019.0 228.0 80904992.0 15400.0 0.0 304.31 39.95
2019.0 228.0 84230977.0 273000.0 3.3 306.43 37.93
2019.0 229.0 80433224.0 131000.0 7.3 309.77 40.59
2019.0 230.0 82682862.0 93600.0 1.0 302.23 43.03
2019.0 231.0 79341156.0 29900.0 7.2 310.73 45.14
2019.0 232.0 82512422.0 36100.0 0.0 313.12 42.36
2019.0 233.0 359700.0 276000.0 17.4 305.92 45.66
2019.0 245.0 79844715.0 74100.0 4.3 308.32 42.35
2019.0 248.0 2608410.0 94900.0 7.3 304.98 41.68
2019.0 248.0 72930659.0 18600.0 4.0 303.59 39.44
2019.0 249.0 74229451.0 26600.0 0.0 306.68 43.47
2019.0 249.0 79380293.0 105000.0 6.3 312.07 43.51
2019.0 254.0 68660604.0 47900.0 12.6 305.85 45.35
2019.0 256.0 278537.0 907000.0 69.6 305.33 43.52
2019.0 257.0 84215683.0 79700.0 7.5 309.28 40.54
2019.0 258.0 80178587.0 98800.0 8.2 302.17 39.99
2019.0 261.0 81387765.0 3270.0 1.5 307.45 42.13
2019.0 262.0 66798430.0 78500.0 5.1 309.37 43.52
2019.0 265.0 65000176.0 60600.0 4.0 309.12 38.76
2019.0 265.0 68088397.0 5120.0 2.8 310.97 40.16
2019.0 265.0 68361468.0 103000.0 7.4 304.67 44.06
2019.0 265.0 80406429.0 17100.0 2.7 312.55 39.05
2019.0 269.0 67484547.0 7120.0 0.0 304.12 44.19
2019.0 269.0 70473061.0 53300.0 3.8 304.81 38.29
2019.0 269.0 80326117.0 71100.0 15.8 307.35 38.44
2019.0 271.0 67445644.0 19800.0 2.9 307.66 40.02
2019.0 271.0 69988048.0 212000.0 6.0 302.81 40.6
2019.0 271.0 82752078.0 5790.0 5.7 305.5 45.35
2019.0 274.0 77585342.0 148000.0 14.4 306.84 38.83
2019.0 275.0 69579029.0 94500.0 7.6 304.57 44.04
2019.0 275.0 74864648.0 14400.0 4.5 305.32 45.55
2019.0 278.0 67639117.0 30900.0 9.1 307.91 44.74
2019.0 279.0 69119570.0 85000.0 6.9 310.03 45.15
2019.0 280.0 67633353.0 44600.0 3.9 302.6 40.21
2019.0 280.0 68857603.0 55400.0 3.9 301.24 40.76
2019.0 280.0 78403540.0 52900.0 12.0 307.55 43.71
2019.0 285.0 68600050.0 58000.0 2.2 309.54 40.17
2019.0 287.0 69508031.0 2600000.0 89.3 303.76 44.67
2019.0 287.0 79932352.0 37900.0 13.4 309.05 43.32
2019.0 288.0 73097064.0 63300.0 0.0 308.2 36.85
2019.0 290.0 62969914.0 156000.0 8.2 305.01 45.37
2019.0 296.0 69616954.0 15300.0 0.8 310.72 44.18
2019.0 297.0 65875047.0 101000.0 6.1 302.73 40.76
2019.0 299.0 67862925.0 18200.0 4.3 305.61 40.43
2019.0 300.0 58162286.0 90900.0 2.0 306.92 42.47
2019.0 300.0 66493776.0 17500.0 1.8 307.36 45.15
2019.0 301.0 55145907.0 9260.0 4.4 310.32 43.08
2019.0 301.0 55736499.0 97300.0 6.5 304.68 39.64
2019.0 302.0 54773180.0 57800.0 6.1 307.62 41.43
2019.0 302.0 61713788.0 501000.0 12.0 303.57 41.29
2019.0 302.0 65353626.0 25100.0 6.9 312.65 42.13
2019.0 305.0 69389519.0 18200.0 8.4 310.09 43.29
2019.0 306.0 69060598.0 64400.0 3.0 311.46 41.31
2019.0 306.0 69563437.0 15300.0 6.4 307.68 36.7
2019.0 307.0 51885880.0 85100.0 4.4 304.88 39.51
2019.0 307.0 68599615.0 34100.0 4.4 309.57 39.21
2019.0 307.0 74464310.0 34100.0 7.5 308.98 40.16
2019.0 313.0 59917223.0 8070.0 6.2 313.22 42.41
2019.0 313.0 75328174.0 46900.0 3.8 307.49 41.07
2019.0 318.0 60122998.0 167000.0 3.7 301.33 41.72
2019.0 323.0 62990664.0 3490.0 2.2 302.97 43.95
2019.0 325.0 65199556.0 867000.0 40.7 309.21 37.48
2019.0 326.0 61328722.0 283000.0 10.2 307.4 38.44
2019.0 326.0 64971046.0 99700.0 5.0 308.5 43.06
2019.0 332.0 55858479.0 22700.0 1.6 308.23 38.58
2019.0 332.0 56175959.0 43000.0 6.7 311.63 39.56
2019.0 333.0 53620171.0 91300.0 12.7 308.19 45.25
2019.0 333.0 66465742.0 157000.0 12.7 307.61 45.7
2019.0 335.0 57628923.0 218000.0 30.2 310.72 42.22
2019.0 335.0 64272419.0 17000.0 2.9 303.33 44.71
2019.0 335.0 65525994.0 37000.0 7.0 305.82 41.67
2019.0 338.0 55607200.0 264000.0 12.8 304.09 38.48
2019.0 341.0 48102189.0 34800.0 5.1 312.58 40.76
2019.0 341.0 60756165.0 943000.0 51.7 310.7 41.35
2019.0 342.0 45707232.0 56400.0 12.6 309.72 42.02
2019.0 342.0 58579498.0 35000.0 6.3 306.08 42.58
2019.0 345.0 51890457.0 158000.0 11.5 311.6 40.67
2019.0 345.0 59963036.0 424000.0 26.1 306.52 44.48
2019.0 346.0 52501622.0 241000.0 2.6 304.62 40.06
2019.0 346.0 56643860.0 548000.0 11.1 311.08 42.63
2019.0 348.0 56078377.0 53200.0 9.9 304.44 42.09
2019.0 348.0 60831266.0 68300.0 5.6 301.94 39.06
2019.0 351.0 58946537.0 158000.0 12.7 303.23 42.6
2019.0 352.0 45315517.0 72800.0 3.6 309.0 41.09
2019.0 352.0 48246287.0 27300.0 3.7 304.19 37.29
2019.0 353.0 47143901.0 80100.0 2.5 307.37 38.32
2019.0 353.0 53356331.0 27000.0 4.0 307.35 42.26
2019.0 353.0 54280993.0 76800.0 7.9 309.51 40.18
2019.0 353.0 58186097.0 222000.0 22.9 307.27 42.64
2019.0 353.0 61857205.0 52400.0 6.2 308.14 45.33
2019.0 354.0 50851298.0 108000.0 4.3 309.02 41.61
2019.0 355.0 62089124.0 44400.0 2.9 303.29 42.82
2019.0 356.0 48313788.0 247000.0 6.5 307.13 37.93
2019.0 356.0 55587635.0 215000.0 0.0 309.02 43.6
2019.0 359.0 46940314.0 103000.0 7.2 308.18 45.79
2019.0 359.0 50836337.0 26400.0 1.8 307.78 42.94
2019.0 360.0 46909805.0 113000.0 11.8 302.29 39.66
2019.0 360.0 59229778.0 13500.0 0.0 309.66 44.38
2019.0 361.0 50703112.0 5110.0 0.7 306.55 40.68
2019.0 361.0 50886076.0 36200.0 8.5 303.29 43.62
2019.0 361.0 51212654.0 18500.0 2.9 307.93 37.59
2019.0 365.0 54676211.0 28700.0 5.9 303.57 41.8
2019.0 365.0 61492012.0 34200.0 8.0 312.85 40.62
2020.0 1.0 53300936.0 7080.0 0.8 309.07 39.96
2020.0 2.0 43116714.0 343000.0 17.7 311.21 42.93
2020.0 2.0 49633489.0 20200.0 2.0 311.84 40.04
2020.0 3.0 41910861.0 240000.0 11.2 307.69 45.93
2020.0 4.0 44938345.0 75900.0 0.7 308.82 44.98
2020.0 4.0 45449165.0 7140.0 0.7 305.84 41.31
2020.0 4.0 49528248.0 164000.0 17.6 309.19 43.59
2020.0 5.0 62026389.0 53000.0 22.6 310.08 44.14
2020.0 6.0 49661230.0 9110.0 0.0 307.39 41.17
2020.0 7.0 38021189.0 236000.0 21.6 305.75 41.03
2020.0 9.0 41679160.0 84600.0 8.1 308.69 42.21
2020.0 9.0 44846869.0 146000.0 32.0 309.39 37.76
2020.0 10.0 53429922.0 477000.0 29.3 309.2 42.18
2020.0 11.0 55286517.0 36300.0 4.0 309.06 40.75
2020.0 16.0 39653453.0 23100.0 0.0 304.86 38.72
2020.0 17.0 47535374.0 35200.0 4.2 304.77 43.09
2020.0 18.0 48365614.0 23200.0 6.0 311.73 39.36
2020.0 19.0 37487991.0 24300.0 2.1 302.56 40.05
2020.0 20.0 36291420.0 98300.0 8.4 304.61 37.07
2020.0 21.0 58879551.0 6770.0 6.8 313.18 40.17
2020.0 24.0 41723845.0 21400.0 2.2 308.12 45.36
2020.0 25.0 47032228.0 18100.0 1.8 307.08 39.59
2020.0 88.0 21711804.0 3580.0 6.2 302.52 44.24
2020.0 88.0 22135499.0 87700.0 6.4 303.27 38.09
2020.0 88.0 26548494.0 568000.0 26.0 311.1 37.76
2020.0 88.0 33661402.0 49500.0 2.7 306.99 43.18
2020.0 88.0 33890266.0 501000.0 17.8 302.3 43.06
2020.0 94.0 36571291.0 61800.0 6.6 308.64 37.43
2020.0 95.0 28971176.0 162000.0 8.3 306.22 37.84
2020.0 99.0 23136409.0 56500.0 1.6 303.31 40.65
2020.0 99.0 25067271.0 6700.0 2.3 307.57 37.08
2020.0 102.0 22848353.0 58000.0 8.3 309.55 37.91
2020.0 105.0 24055410.0 278000.0 2.9 304.13 37.58
2020.0 105.0 33717695.0 1410000.0 88.8 301.84 40.29
2020.0 106.0 21294119.0 56400.0 2.5 301.26 41.26
2020.0 106.0 26743047.0 208000.0 7.0 304.46 41.53
2020.0 107.0 17165436.0 409000.0 14.3 308.61 38.78
2020.0 107.0 31057367.0 60200.0 8.0 306.79 36.62
2020.0 114.0 12275423.0 210000.0 15.9 303.45 40.92
2020.0 114.0 16252462.0 3820.0 5.0 306.73 43.51
2020.0 115.0 17782514.0 320000.0 13.5 308.18 42.12
2020.0 116.0 23502743.0 706000.0 39.1 306.81 39.51
2020.0 116.0 31928465.0 79200.0 2.1 305.44 39.79
2020.0 117.0 31626534.0 87100.0 5.5 308.51 43.3
2020.0 121.0 21386541.0 364000.0 13.8 301.85 43.41
2020.0 121.0 24939935.0 164000.0 4.5 307.75 37.35
2020.0 122.0 17802812.0 95400.0 0.8 312.34 41.48
2020.0 123.0 29106505.0 27200.0 3.3 306.79 36.84
2020.0 124.0 22337051.0 29500.0 4.0 308.12 45.51
2020.0 126.0 16671271.0 108000.0 5.6 303.9 40.11
2020.0 127.0 24805976.0 23300.0 1.8 306.84 36.96
2020.0 129.0 15964364.0 75600.0 6.4 304.57 38.04
2020.0 129.0 18994655.0 144000.0 5.7 303.45 42.54
2020.0 131.0 15262016.0 4440.0 2.7 306.83 40.02
2020.0 132.0 7399603.0 195000.0 2.6 301.11 41.56
2020.0 135.0 10116265.0 64300.0 10.4 312.0 42.14
2020.0 135.0 13348208.0 58100.0 1.6 312.35 41.94
2020.0 135.0 23716115.0 167000.0 7.0 305.54 45.31
2020.0 139.0 19600799.0 39900.0 2.2 308.36 45.9
2020.0 139.0 22085819.0 13900.0 2.7 306.35 42.75
2020.0 139.0 27826822.0 18000.0 0.0 310.37 43.72
2020.0 140.0 6842017.0 35600.0 23.7 308.64 45.17
2020.0 140.0 11917694.0 436000.0 12.6 304.31 44.42
2020.0 141.0 9166595.0 6140.0 1.2 308.47 38.85
2020.0 143.0 14674088.0 58100.0 6.3 303.13 41.77
2020.0 144.0 17070990.0 29900.0 3.3 308.96 44.39
2020.0 145.0 18789820.0 24600.0 8.7 308.73 38.51
2020.0 148.0 14200474.0 22600.0 0.8 308.83 40.55
2020.0 149.0 14206025.0 13600.0 0.0 313.0 41.17
2020.0 150.0 11236960.0 2100.0 2.4 301.45 39.56
2020.0 151.0 3822221.0 248000.0 13.1 308.21 42.35
2020.0 152.0 7760524.0 251000.0 8.9 309.14 43.6
2020.0 152.0 19271918.0 69000.0 34.3 308.38 43.48
2020.0 153.0 5316564.0 144000.0 16.4 307.02 37.91
2020.0 154.0 5726853.0 21600.0 3.3 306.12 42.63
2020.0 154.0 17042176.0 33700.0 3.3 302.1 39.01
2020.0 154.0 17489237.0 38600.0 3.3 307.34 43.45
2020.0 156.0 12234719.0 60000.0 2.7 305.89 40.72
2020.0 160.0 21385337.0 19200.0 4.3 305.26 41.13
2020.0 164.0 1585888.0 18700.0 5.6 312.72 42.45
2020.0 164.0 16242075.0 179000.0 21.6 304.62 43.59
2020.0 166.0 8630178.0 27000.0 0.7 302.65 43.07
2020.0 167.0 14405607.0 99900.0 4.8 309.03 43.87
2020.0 169.0 10603231.0 36700.0 3.0 310.21 39.72
2020.0 171.0 4461012.0 829000.0 29.7 302.37 41.34
2020.0 171.0 6401693.0 33800.0 0.0 305.02 40.04
2020.0 171.0 16163472.0 167000.0 9.9 303.15 42.82
2020.0 172.0 17725081.0 98900.0 12.1 308.95 41.3
2020.0 175.0 11206389.0 127000.0 4.2 305.42 41.25
2020.0 176.0 5033076.0 36000.0 8.1 305.36 37.29
2020.0 176.0 7073991.0 403000.0 18.9 301.48 41.17
2020.0 177.0 3626013.0 69500.0 16.0 305.69 39.02
2020.0 178.0 2017795.0 132000.0 3.9 305.47 42.46
2020.0 178.0 2810765.0 39900.0 9.7 306.98 43.01
2020.0 178.0 17932106.0 19800.0 0.8 310.32 43.67
2020.0 180.0 15793034.0 12200.0 0.0 305.75 39.61
2020.0 199.0 81203242.0 28900.0 3.2 305.91 38.03
2020.0 200.0 13578692.0 91600.0 4.1 311.49 39.09
2020.0 200.0 81531200.0 132000.0 1.6 311.21 42.09
2020.0 200.0 84157975.0 25800.0 5.6 307.2 41.25
2020.0 221.0 2176515.0 515000.0 31.9 306.27 45.16
2020.0 222.0 83588863.0 60600.0 5.6 304.16 38.13
2020.0 224.0 82121681.0 48200.0 2.9 307.98 39.48
2020.0 225.0 3506324.0 259000.0 15.9 304.57 42.98
2020.0 226.0 2298969.0 8790.0 1.7 307.24 38.32
2020.0 226.0 83713495.0 3580000.0 172.3 305.36 44.85
2020.0 229.0 85035961.0 14500.0 0.0 306.43 36.86
2020.0 230.0 77048830.0 35500.0 1.6 308.87 42.62
2020.0 231.0 6393639.0 235000.0 40.8 308.3 42.74
2020.0 231.0 74621613.0 51400.0 4.3 310.27 45.26
2020.0 233.0 71010029.0 6140.0 2.5 305.97 38.87
2020.0 234.0 3309657.0 286000.0 18.6 308.95 44.17
2020.0 234.0 78195580.0 14100.0 5.5 309.01 45.67
2020.0 237.0 74421583.0 24300.0 9.2 311.41 39.61
2020.0 239.0 82238572.0 294000.0 15.0 307.0 39.14
2020.0 239.0 82917718.0 49100.0 2.7 305.16 38.74
2020.0 240.0 76468083.0 54400.0 3.1 304.1 40.1
2020.0 240.0 78166397.0 212000.0 2.7 305.65 41.31
2020.0 241.0 395846.0 70000.0 5.0 312.83 42.16
2020.0 241.0 84465980.0 33800.0 6.0 303.81 39.33
2020.0 241.0 86250412.0 30100.0 5.0 303.67 44.85
2020.0 242.0 79401550.0 61300.0 0.9 312.52 39.97
2020.0 242.0 86314536.0 75100.0 46.6 309.97 41.51
2020.0 243.0 594758.0 39300.0 12.9 309.59 37.45
2020.0 243.0 67239250.0 11600.0 0.0 309.28 39.61
2020.0 245.0 78596479.0 91500.0 13.1 307.63 40.42
2020.0 246.0 68749115.0 414000.0 57.0 301.53 42.68
2020.0 246.0 85050109.0 50400.0 21.6 309.05 44.24
2020.0 250.0 79323421.0 11800.0 0.0 304.88 45.12
2020.0 250.0 84771521.0 26300.0 15.7 309.35 38.62
2020.0 253.0 73449281.0 11100.0 2.5 312.93 40.92
2020.0 253.0 76153559.0 122000.0 6.3 304.27 42.42
2020.0 256.0 74021223.0 7180.0 1.2 311.83 40.75
2020.0 256.0 79851613.0 214000.0 8.9 301.01 40.82
2020.0 257.0 80190756.0 8640.0 6.4 303.25 42.61
2020.0 257.0 81267715.0 409000.0 49.4 311.67 39.82
2020.0 262.0 75936462.0 315000.0 9.1 306.82 40.25
2020.0 264.0 76796769.0 83600.0 7.1 310.66 42.86
2020.0 264.0 79173213.0 56900.0 6.0 306.12 40.33
2020.0 265.0 80061578.0 24800.0 6.4 303.05 43.38
2020.0 269.0 64341103.0 71700.0 8.7 304.21 37.83
2020.0 269.0 82108164.0 12800.0 1.0 309.97 43.25
2020.0 272.0 64437725.0 104000.0 10.3 302.68 44.25
2020.0 272.0 77205410.0 17100.0 1.9 304.95 43.54
2020.0 272.0 79271065.0 135000.0 2.2 312.62 39.71
2020.0 273.0 69046173.0 100000.0 5.3 302.07 39.59
2020.0 275.0 65355918.0 77900.0 8.1 310.77 38.59
2020.0 275.0 82026940.0 11900.0 3.7 310.67 40.61
2020.0 275.0 83555084.0 14000.0 3.7 309.47 37.56
2020.0 276.0 74313478.0 38400.0 5.2 310.08 38.75
2020.0 278.0 59272320.0 23500.0 2.3 310.8 43.28
2020.0 278.0 75717295.0 60600.0 5.4 311.4 39.86
2020.0 279.0 59797891.0 86800.0 5.1 307.72 43.85
2020.0 279.0 61557519.0 58000.0 8.2 305.71 37.03
2020.0 279.0 63092647.0 11300.0 0.8 307.1 41.93
2020.0 279.0 70533064.0 117000.0 4.0 311.95 42.95
2020.0 280.0 72369980.0 47100.0 25.7 303.07 44.92
2020.0 280.0 72787312.0 59000.0 5.8 302.91 39.23
2020.0 281.0 72904826.0 52000.0 2.2 310.82 44.04
2020.0 281.0 78918631.0 39800.0 3.4 305.91 36.91
2020.0 283.0 67923220.0 174000.0 3.1 307.0 42.66
2020.0 284.0 60141158.0 9820.0 5.3 306.51 45.43
2020.0 284.0 66498131.0 9030.0 4.3 307.81 43.43
2020.0 287.0 63920826.0 57900.0 0.0 305.15 36.99
2020.0 289.0 66422102.0 304000.0 11.8 302.55 40.93
2020.0 289.0 78296945.0 503000.0 28.2 303.8 43.34
2020.0 290.0 60666296.0 404000.0 21.4 303.4 43.0
2020.0 290.0 68775902.0 27000.0 3.7 307.43 45.48
2020.0 291.0 68515752.0 209000.0 3.1 312.61 42.69
2020.0 292.0 69059525.0 28200.0 11.3 310.61 38.55
2020.0 293.0 55531225.0 21700.0 0.0 311.63 43.45
2020.0 293.0 59269444.0 5110.0 1.8 306.67 42.99
2020.0 294.0 63477763.0 48300.0 5.3 305.61 42.69
2020.0 294.0 63742253.0 132000.0 3.5 307.26 45.22
2020.0 294.0 73216079.0 121000.0 5.1 312.07 42.74
2020.0 295.0 55045294.0 16200.0 4.3 302.48 40.27
2020.0 295.0 59715928.0 270000.0 6.5 308.67 41.66
2020.0 296.0 70906405.0 610000.0 28.8 302.49 39.59
2020.0 297.0 55435710.0 9820.0 1.6 309.11 41.89
2020.0 297.0 56245313.0 73600.0 13.1 309.71 45.34
2020.0 297.0 60905887.0 44700.0 15.8 306.95 39.98
2020.0 298.0 59878553.0 22500.0 2.1 309.88 39.17
2020.0 298.0 64765785.0 62700.0 11.3 313.24 41.25
2020.0 298.0 69988503.0 182000.0 18.3 304.88 43.42
2020.0 299.0 62469480.0 103000.0 5.5 304.63 41.6
2020.0 305.0 59286866.0 92200.0 8.4 304.22 41.83
2020.0 305.0 60254210.0 30300.0 2.4 303.15 41.77
2020.0 306.0 61639660.0 71700.0 1.6 308.19 41.97
2020.0 306.0 74738800.0 31800.0 9.0 308.41 39.18
2020.0 307.0 60289361.0 224000.0 11.7 305.96 37.3
2020.0 308.0 67371753.0 53500.0 5.7 303.35 42.28
2020.0 312.0 59016332.0 101000.0 5.2 311.26 38.71
2020.0 312.0 67049428.0 14400.0 0.8 302.45 43.86
2020.0 313.0 69401378.0 30500.0 3.9 304.72 38.15
2020.0 315.0 57961181.0 110000.0 0.0 310.23 43.86
2020.0 315.0 66126750.0 5800.0 0.0 308.51 45.02
2020.0 315.0 67379226.0 95000.0 3.5 311.55 43.61
2020.0 315.0 71043041.0 146000.0 7.2 308.72 39.54
2020.0 316.0 55754417.0 2910.0 2.8 303.31 43.39
2020.0 316.0 73172091.0 3860000.0 597.2 307.63 39.56
2020.0 317.0 74475907.0 41500.0 1.6 308.04 45.1
2020.0 319.0 59819454.0 50600.0 3.2 304.49 40.76
2020.0 319.0 61448803.0 110000.0 15.7 309.06 41.98
2020.0 319.0 68677564.0 276000.0 4.6 311.57 40.55
2020.0 320.0 64333233.0 82900.0 11.8 308.3 40.45
2020.0 320.0 64709158.0 70600.0 9.6 305.16 42.28
2020.0 321.0 64718462.0 86700.0 8.4 307.99 38.2
2020.0 322.0 60705177.0 35300.0 6.4 304.16 42.61
2020.0 322.0 63303153.0 44300.0 11.3 309.6 44.23
2020.0 323.0 69531356.0 51800.0 12.7 306.23 45.87
2020.0 324.0 55707320.0 78600.0 10.1 302.74 40.41
2020.0 325.0 60151595.0 106000.0 5.7 308.62 43.98
2020.0 325.0 60371830.0 142000.0 11.7 308.3 37.86
2020.0 325.0 60534976.0 385000.0 10.1 305.49 41.89
2020.0 325.0 65141789.0 421000.0 15.2 311.28 44.54
2020.0 326.0 61405303.0 8910.0 14.6 309.89 43.85
2020.0 327.0 60686028.0 45000.0 5.5 309.26 44.94
2020.0 328.0 47470002.0 34100.0 0.0 303.03 43.75
2020.0 329.0 54952083.0 775000.0 34.0 307.04 44.97
2020.0 329.0 57713677.0 252000.0 2.6 306.74 39.69
2020.0 329.0 60876090.0 88400.0 8.9 309.92 44.39
2020.0 329.0 61878357.0 227000.0 15.0 308.12 38.29
2020.0 330.0 55280488.0 35200.0 1.5 302.18 40.95
2020.0 331.0 58438097.0 48500.0 0.0 303.94 38.13
2020.0 333.0 60230906.0 26800.0 4.5 305.94 37.81
2020.0 334.0 60049891.0 52200.0 5.0 310.21 44.2
2020.0 334.0 68448750.0 24500.0 5.9 312.15 42.9
2020.0 336.0 62022452.0 196000.0 14.0 310.77 39.89
2020.0 339.0 46694778.0 333000.0 16.4 304.09 42.56
2020.0 339.0 60892188.0 17600.0 0.9 308.08 45.63
2020.0 339.0 61001756.0 460000.0 20.4 306.94 44.6
2020.0 341.0 56444920.0 16000.0 0.0 310.23 40.56
2020.0 342.0 51445250.0 59300.0 3.8 311.28 41.53
2020.0 342.0 58029243.0 19800.0 5.7 306.9 41.03
2020.0 342.0 59342743.0 31700.0 2.0 313.11 42.82
2020.0 343.0 47114341.0 33600.0 12.5 305.38 41.97
2020.0 343.0 53694090.0 30100.0 6.8 310.32 37.96
2020.0 343.0 59800098.0 341000.0 15.5 304.71 43.55
2020.0 344.0 51542502.0 128000.0 0.9 306.67 43.46
2020.0 347.0 52168993.0 40100.0 5.2 304.6 38.73
2020.0 348.0 57336260.0 363000.0 10.0 310.68 40.72
2020.0 348.0 63389607.0 21600.0 2.0 311.9 40.11
2020.0 349.0 48916595.0 263000.0 16.2 311.72 40.72
2020.0 351.0 52312366.0 10700.0 0.0 305.0 42.3
2020.0 352.0 49902169.0 665000.0 50.2 303.74 41.77
2020.0 352.0 60511869.0 24800.0 4.5 307.62 45.12
2020.0 354.0 45890556.0 89900.0 6.0 305.45 45.2
2020.0 354.0 50802230.0 7890.0 5.6 303.66 42.3
2020.0 354.0 62079534.0 34000.0 3.1 305.49 37.55
2020.0 356.0 46490405.0 1230000.0 154.9 303.32 42.12
2020.0 356.0 55649459.0 201000.0 20.9 310.11 42.79
2020.0 357.0 49750371.0 266000.0 9.9 304.52 37.42
2020.0 360.0 48944248.0 110000.0 18.5 312.09 39.39
2020.0 361.0 50573482.0 18700.0 1.0 312.32 41.72
2020.0 361.0 52389016.0 82800.0 8.6 304.49 43.5
2020.0 362.0 44095900.0 28800.0 3.9 307.06 44.04
2020.0 362.0 60882505.0 229000.0 42.7 307.09 37.14
2020.0 363.0 48504310.0 118000.0 2.0 307.78 39.68
2020.0 363.0 58228071.0 25000.0 4.6 310.66 42.32
2020.0 365.0 44063518.0 208000.0 4.6 307.76 44.82
2020.0 365.0 58043550.0 85800.0 18.4 313.21 40.79
2020.0 365.0 60892054.0 32100.0 7.6 304.22 42.78
2020.0 366.0 41776340.0 449000.0 16.6 310.35 40.0
2020.0 366.0 43980928.0 49600.0 8.0 302.57 44.43
2020.0 366.0 51929595.0 85200.0 9.0 309.43 43.6
2021.0 1.0 60524102.0 59600.0 46.5 306.68 39.93
2021.0 2.0 47982792.0 41200.0 2.6 304.75 45.58
2021.0 2.0 55517739.0 33500.0 0.0 310.18 40.72
2021.0 3.0 41493618.0 54100.0 8.9 307.56 42.91
2021.0 4.0 59924895.0 28900.0 2.0 309.47 42.53
2021.0 5.0 48140933.0 31900.0 2.4 307.54 37.8
2021.0 5.0 54281223.0 163000.0 2.0 305.89 37.93
2021.0 6.0 50080452.0 351000.0 18.0 303.46 38.27
2021.0 8.0 57126697.0 102000.0 16.9 305.35 39.67
2021.0 10.0 48860714.0 33000.0 4.3 302.53 40.78
2021.0 11.0 53290879.0 62500.0 1.3 311.48 38.36
2021.0 11.0 58043012.0 122000.0 5.7 308.41 42.08
2021.0 14.0 43013863.0 87600.0 5.3 308.37 39.52
2021.0 16.0 39119243.0 43600.0 5.2 305.23 40.34
2021.0 16.0 40130263.0 161000.0 12.2 309.14 37.49
2021.0 16.0 43146915.0 22300.0 6.0 312.59 40.46
2021.0 17.0 40789432.0 23800.0 7.1 311.54 43.3
2021.0 18.0 44199698.0 93100.0 10.0 312.54 43.74
2021.0 18.0 46362206.0 48300.0 5.0 305.3 37.62
2021.0 19.0 42520896.0 36700.0 3.6 304.94 37.37
2021.0 21.0 43966232.0 69500.0 11.6 312.84 41.68
2021.0 21.0 47472916.0 2820000.0 133.5 305.21 39.91
2021.0 21.0 48370270.0 291000.0 10.0 309.32 40.27
2021.0 22.0 42594943.0 250000.0 5.8 310.09 40.22
2021.0 22.0 51378571.0 4420.0 0.0 311.77 39.21
2021.0 24.0 46301575.0 77900.0 2.2 311.5 43.5
2021.0 24.0 49073782.0 121000.0 8.8 302.75 40.03
2021.0 26.0 45310762.0 135000.0 4.1 306.76 40.81
2021.0 26.0 50139007.0 35900.0 14.6 306.42 41.43
2021.0 29.0 39362727.0 257000.0 4.5 309.07 44.65
2021.0 29.0 42854724.0 36800.0 1.9 311.52 41.6
2021.0 29.0 55515983.0 81600.0 6.9 305.09 44.47
2021.0 33.0 51732422.0 292000.0 23.2 301.29 41.21
2021.0 34.0 32029312.0 158000.0 6.7 305.96 42.71
2021.0 37.0 42370674.0 694000.0 20.9 306.8 41.87
2021.0 38.0 42990481.0 142000.0 5.3 301.54 42.06
2021.0 40.0 49803482.0 186000.0 22.8 310.37 43.04
2021.0 41.0 48167738.0 134000.0 6.6 303.31 40.68
2021.0 43.0 40225461.0 25200.0 2.2 307.95 38.92
2021.0 44.0 27925065.0 39400.0 5.2 310.28 43.71
2021.0 44.0 33419896.0 78100.0 6.1 313.11 42.89
2021.0 44.0 42698161.0 248000.0 15.7 301.56 42.02
2021.0 44.0 44718860.0 165000.0 16.5 303.61 42.71
2021.0 47.0 30185626.0 229000.0 24.0 306.53 38.73
2021.0 47.0 41269186.0 66600.0 3.3 312.11 39.58
2021.0 48.0 28928513.0 102000.0 7.8 307.37 37.71
2021.0 48.0 38742574.0 76300.0 6.3 312.86 42.02
2021.0 65.0 25664224.0 4950.0 2.1 311.88 41.96
2021.0 65.0 31614824.0 9630.0 5.9 304.26 39.93
2021.0 65.0 42018446.0 112000.0 15.8 304.58 45.57
2021.0 66.0 37466006.0 42200.0 3.1 312.08 40.17
2021.0 66.0 42863182.0 138000.0 12.9 311.09 38.48
2021.0 67.0 37161145.0 103000.0 7.9 309.64 39.78
2021.0 67.0 37331864.0 72000.0 9.7 306.31 44.5
2021.0 70.0 28581301.0 50000.0 4.2 307.7 45.79
2021.0 71.0 35509592.0 446000.0 17.0 305.75 42.39
2021.0 72.0 27243567.0 19800.0 0.0 310.31 38.96
2021.0 72.0 39509769.0 108000.0 4.0 310.87 40.5
2021.0 73.0 33388991.0 89400.0 0.8 303.46 41.35
2021.0 74.0 31513425.0 168000.0 7.5 304.14 44.16
2021.0 76.0 30742131.0 194000.0 14.6 305.64 39.17
2021.0 76.0 31854816.0 87200.0 3.1 305.65 45.21
2021.0 84.0 24841078.0 11000.0 8.7 306.61 41.64
2021.0 85.0 26217006.0 29800.0 3.0 305.39 44.88
2021.0 85.0 32434227.0 49200.0 5.7 306.69 43.17
2021.0 85.0 32597445.0 15400.0 2.8 311.86 40.25
2021.0 87.0 23049362.0 94100.0 3.3 309.07 38.12
2021.0 89.0 32794166.0 299000.0 16.0 302.47 43.22
2021.0 91.0 23266138.0 70700.0 26.3 311.21 39.91
2021.0 92.0 36171790.0 16700.0 2.7 309.02 40.94
2021.0 93.0 25868752.0 168000.0 6.9 309.1 40.31
2021.0 93.0 27981994.0 16800.0 0.0 306.65 39.85
2021.0 95.0 29260848.0 59600.0 1.8 308.03 37.68
2021.0 98.0 18960801.0 43800.0 6.1 306.57 39.25
2021.0 98.0 28134525.0 37800.0 3.2 304.62 42.34
2021.0 100.0 16605014.0 157000.0 25.6 304.43 37.31
2021.0 101.0 32358069.0 144000.0 15.0 310.82 37.57
2021.0 102.0 39739000.0 21500.0 8.7 310.55 43.82
2021.0 105.0 17110225.0 130000.0 0.0 302.46 39.03
2021.0 105.0 37702791.0 18000.0 3.5 308.83 42.11
2021.0 110.0 26698205.0 184000.0 31.6 310.65 42.58
2021.0 111.0 20842445.0 287000.0 15.9 305.51 45.31
2021.0 113.0 30193824.0 85400.0 8.9 305.86 40.91
2021.0 114.0 25540276.0 14900.0 2.9 305.67 38.04
2021.0 114.0 27179645.0 138000.0 6.2 308.34 38.35
2021.0 115.0 30353628.0 77500.0 12.8 302.04 41.51
2021.0 115.0 33200919.0 57100.0 9.6 311.07 44.61
2021.0 116.0 29003893.0 75500.0 2.0 308.69 38.98
2021.0 118.0 18204564.0 28500.0 2.0 307.67 44.19
2021.0 118.0 27622666.0 288000.0 16.6 313.0 40.01
2021.0 124.0 24343930.0 228000.0 12.1 305.4 41.13
2021.0 127.0 24516427.0 5850.0 2.7 312.5 43.35
2021.0 128.0 21236277.0 10600.0 3.8 301.23 41.85
2021.0 129.0 21620176.0 48300.0 10.4 308.86 37.0
2021.0 130.0 20372430.0 5420.0 8.0 309.84 38.66
2021.0 131.0 8562474.0 95000.0 3.0 309.41 37.33
2021.0 131.0 13577797.0 45500.0 3.2 309.61 40.23
2021.0 132.0 9456074.0 190000.0 34.8 306.58 42.79
2021.0 134.0 7508378.0 43800.0 8.1 309.11 45.0
2021.0 134.0 17313168.0 86700.0 1.0 304.35 43.97
2021.0 134.0 26064043.0 576000.0 32.4 309.51 40.73
2021.0 137.0 21585120.0 201000.0 6.5 307.49 38.36
2021.0 137.0 25129182.0 27900.0 6.7 307.29 41.54
2021.0 138.0 19899228.0 613000.0 25.2 309.58 42.13
2021.0 138.0 27851530.0 348000.0 19.6 304.92 42.72
2021.0 139.0 22000979.0 21900.0 1.6 303.27 38.87
2021.0 139.0 28831616.0 110000.0 25.2 310.17 38.54
2021.0 140.0 11773487.0 93100.0 1.8 308.71 38.99
2021.0 144.0 19262305.0 58300.0 3.5 310.51 41.04
2021.0 145.0 8965155.0 141000.0 5.5 309.96 44.01
2021.0 145.0 9312139.0 307000.0 21.4 309.42 43.95
2021.0 146.0 10501369.0 2380.0 0.0 303.11 40.83
2021.0 152.0 17888279.0 1610000.0 26.6 309.13 44.42
2021.0 155.0 20069238.0 112000.0 6.0 311.15 39.93
2021.0 156.0 10918157.0 186000.0 5.3 306.44 36.93
2021.0 156.0 19434439.0 2800000.0 73.4 311.9 40.73
2021.0 348.0 55291871.0 9380.0 1.0 307.29 40.29
2021.0 349.0 46092120.0 112000.0 4.8 302.93 43.5
2021.0 350.0 51348240.0 160000.0 5.4 303.51 43.08
2021.0 350.0 54330338.0 168000.0 8.6 301.82 43.69
2021.0 351.0 49811107.0 5120.0 1.6 306.37 43.26
2021.0 351.0 62562704.0 11200.0 4.9 309.94 41.8
2021.0 352.0 43133048.0 68300.0 3.8 309.62 37.14
2021.0 352.0 45954619.0 27800.0 5.8 309.15 43.2
2021.0 353.0 56985587.0 48200.0 0.0 302.26 42.44
2021.0 354.0 43366355.0 314000.0 21.0 307.78 44.98
2021.0 354.0 52840633.0 184000.0 3.5 304.28 37.71
2021.0 359.0 50595070.0 28800.0 1.6 305.59 42.57
2021.0 359.0 53100464.0 360000.0 9.4 309.47 39.24
2021.0 359.0 61045627.0 37300.0 6.6 308.74 40.07
2021.0 362.0 40879800.0 137000.0 8.7 311.43 38.84
2021.0 362.0 54667267.0 107000.0 8.5 309.68 43.42
2021.0 364.0 39623242.0 208000.0 9.0 303.4 37.75
2021.0 365.0 47489375.0 63100.0 5.2 312.1 40.78
2022.0 2.0 55629431.0 215000.0 12.4 311.4 38.66
2022.0 5.0 56237195.0 258000.0 13.7 311.18 43.65
2022.0 5.0 56582057.0 42000.0 12.9 302.67 41.91
2022.0 7.0 62308665.0 74600.0 9.9 310.43 43.42
2022.0 8.0 51809731.0 180000.0 5.1 306.43 45.83
2022.0 9.0 50710076.0 185000.0 8.6 309.6 40.18
2022.0 9.0 53128224.0 205000.0 5.1 307.84 42.32
2022.0 10.0 52077731.0 5840.0 5.5 306.32 41.55
2022.0 11.0 39049908.0 101000.0 21.9 308.87 44.07
2022.0 11.0 58996385.0 33300.0 8.9 306.94 36.76
2022.0 12.0 34021394.0 136000.0 2.0 302.44 40.09
2022.0 12.0 46622731.0 173000.0 14.5 301.32 41.86
2022.0 12.0 53736900.0 136000.0 17.1 310.21 37.34
2022.0 15.0 35334278.0 26200.0 6.0 305.61 39.15
2022.0 15.0 47969163.0 98800.0 8.8 307.52 37.48
2022.0 16.0 42237513.0 16100.0 2.8 303.84 39.42
2022.0 18.0 49782268.0 64700.0 2.1 308.45 42.08
2022.0 20.0 46903204.0 196000.0 6.2 306.31 37.54
2022.0 20.0 48654931.0 64400.0 5.3 307.69 41.51
2022.0 20.0 48992526.0 35200.0 6.9 304.03 43.74
2022.0 20.0 49193725.0 12800.0 5.8 307.81 41.28
2022.0 21.0 38241384.0 20600.0 21.2 301.63 39.27
2022.0 21.0 41288435.0 75600.0 2.1 308.0 45.27
2022.0 22.0 40790500.0 30800.0 2.5 303.79 42.72
2022.0 24.0 36934015.0 108000.0 5.1 301.64 40.93
2022.0 24.0 52477746.0 32100.0 3.1 309.73 40.98
2022.0 25.0 37568497.0 44100.0 2.2 311.58 44.3
2022.0 26.0 38280308.0 50500.0 3.5 302.92 39.43
2022.0 29.0 45669984.0 25200.0 6.0 303.13 38.83
2022.0 30.0 44395199.0 45600.0 5.8 309.75 37.3
2022.0 30.0 45401604.0 86400.0 0.0 304.05 40.67
2022.0 33.0 45793501.0 105000.0 6.1 303.47 42.3
2022.0 33.0 47512254.0 72000.0 13.3 306.87 40.85
2022.0 34.0 39731178.0 24000.0 2.4 303.09 39.33
2022.0 34.0 43991521.0 59200.0 3.9 310.16 38.27
2022.0 34.0 45940282.0 146000.0 11.2 305.75 41.85
2022.0 34.0 50086425.0 93800.0 7.0 306.77 45.59
2022.0 35.0 37596365.0 63500.0 5.0 301.91 40.47
2022.0 35.0 39078761.0 549000.0 18.2 301.66 42.09
2022.0 35.0 44839064.0 57900.0 1.0 304.77 41.41
2022.0 36.0 50177654.0 462000.0 48.5 309.95 43.71
2022.0 49.0 40689671.0 37700.0 3.7 307.84 36.7
2022.0 50.0 44472445.0 7100.0 3.9 307.86 41.71
2022.0 51.0 35078545.0 136000.0 4.2 306.06 39.57
2022.0 55.0 42109474.0 5090.0 2.4 306.28 40.43
2022.0 57.0 32053191.0 32400.0 5.6 307.16 37.46
2022.0 57.0 32371527.0 15400.0 0.0 305.81 44.87
2022.0 57.0 35764072.0 14500.0 6.8 310.0 37.58
2022.0 57.0 45885821.0 44200.0 15.5 304.33 38.11
2022.0 58.0 30409950.0 63700.0 22.6 309.38 40.52
2022.0 60.0 42600270.0 92700.0 5.0 308.4 39.87
2022.0 61.0 28434289.0 108000.0 14.9 301.88 42.53
2022.0 62.0 24678734.0 87200.0 4.4 308.14 42.7
2022.0 62.0 33296939.0 529000.0 35.6 304.02 43.45
2022.0 62.0 41816677.0 5070.0 0.0 309.67 37.83
2022.0 67.0 40944496.0 36400.0 7.9 305.56 38.85
2022.0 69.0 33276978.0 296000.0 8.0 302.87 39.65
2022.0 69.0 34302802.0 7600.0 0.7 305.91 43.28
2022.0 70.0 33770412.0 95300.0 2.0 306.51 43.65
2022.0 71.0 26669594.0 75500.0 2.3 309.33 42.45
2022.0 71.0 36392045.0 20200.0 6.6 305.95 43.87
2022.0 72.0 25173207.0 123000.0 8.3 305.38 43.11
2022.0 72.0 38004761.0 183000.0 8.4 307.7 42.99
2022.0 74.0 26136817.0 23100.0 8.9 307.09 43.26
2022.0 75.0 28607614.0 86000.0 8.5 304.4 41.23
2022.0 77.0 36307448.0 161000.0 9.3 305.28 38.22
2022.0 79.0 26390779.0 109000.0 8.5 309.85 39.58
2022.0 80.0 24164328.0 79500.0 11.2 303.78 44.72
2022.0 82.0 26059562.0 223000.0 8.0 301.98 39.63
2022.0 83.0 24777460.0 3770.0 0.0 307.95 36.69
2022.0 85.0 29167504.0 109000.0 12.7 305.38 44.63
2022.0 87.0 27069022.0 46800.0 3.2 313.1 40.81
2022.0 88.0 24361060.0 198000.0 3.0 303.67 43.62
2022.0 89.0 32104405.0 181000.0 14.5 308.85 38.37
2022.0 89.0 36976648.0 125000.0 24.2 306.96 39.1
2022.0 90.0 22771774.0 80400.0 8.9 309.28 42.01
2022.0 92.0 31967691.0 12600.0 2.6 304.05 40.9
2022.0 93.0 22366772.0 82700.0 6.0 303.4 38.81
2022.0 94.0 26562158.0 213000.0 4.9 307.55 36.65
2022.0 94.0 32661176.0 15000.0 4.0 310.56 43.63
2022.0 94.0 32982760.0 127000.0 7.5 310.21 42.3
2022.0 94.0 34254231.0 387000.0 42.2 301.52 39.6
2022.0 95.0 30235397.0 70100.0 12.3 308.47 37.02
2022.0 96.0 31115530.0 30100.0 10.8 308.54 44.09
2022.0 96.0 35032940.0 4580.0 3.1 305.81 45.89
2022.0 99.0 34735733.0 81700.0 14.3 310.86 42.8
2022.0 101.0 21427181.0 70600.0 7.8 307.52 40.61
2022.0 105.0 14614248.0 42000.0 7.6 302.7 40.77
2022.0 112.0 30264940.0 408000.0 22.3 303.01 44.65
2022.0 112.0 35333855.0 152000.0 11.8 306.38 45.0
2022.0 113.0 32338661.0 17700.0 0.0 305.05 39.93
2022.0 114.0 20718467.0 89600.0 6.6 306.07 40.16
2022.0 115.0 27652019.0 497000.0 24.4 306.82 43.94
2022.0 118.0 18945181.0 208000.0 7.4 305.08 44.3
2022.0 118.0 26060199.0 15600.0 0.8 305.81 43.54
2022.0 118.0 32475421.0 158000.0 8.9 308.66 40.41
2022.0 120.0 29479479.0 50300.0 21.0 307.48 36.73
2022.0 122.0 30925967.0 42000.0 7.3 311.62 42.34
2022.0 129.0 20411460.0 107000.0 0.0 303.56 39.49
2022.0 129.0 22689732.0 146000.0 10.2 312.6 42.83
2022.0 130.0 16240933.0 34000.0 9.0 301.82 41.68
2022.0 130.0 25631465.0 80100.0 0.8 302.22 44.05
2022.0 130.0 26033156.0 71800.0 46.2 306.21 37.76
2022.0 131.0 15740618.0 20200.0 2.3 301.93 40.71
2022.0 134.0 19834172.0 41300.0 48.9 311.91 40.72
2022.0 135.0 23079665.0 192000.0 13.5 302.83 42.09
2022.0 135.0 26415041.0 118000.0 9.9 302.91 44.11
2022.0 136.0 15722334.0 167000.0 3.5 304.7 40.45
2022.0 138.0 12470013.0 317000.0 12.6 305.47 43.53
2022.0 138.0 23705154.0 292000.0 6.3 304.0 44.22
2022.0 139.0 17030157.0 32400.0 3.1 304.22 43.05
2022.0 140.0 23975172.0 57600.0 4.4 309.99 41.64
2022.0 141.0 15638305.0 117000.0 1.5 301.08 41.24
2022.0 141.0 20583158.0 108000.0 19.0 302.38 41.05
2022.0 145.0 14561592.0 107000.0 12.6 305.68 45.75
2022.0 145.0 16700217.0 160000.0 2.3 306.83 40.5
2022.0 145.0 17123642.0 27000.0 3.6 310.71 41.01
2022.0 145.0 18634428.0 60800.0 7.6 309.18 42.44
2022.0 151.0 9241529.0 71200.0 0.0 303.45 39.23
2022.0 154.0 18266826.0 119000.0 3.3 312.22 40.32
2022.0 154.0 19347008.0 123000.0 2.2 303.04 38.52
2022.0 155.0 9248248.0 70300.0 1.4 309.3 39.09
2022.0 159.0 6185150.0 24000.0 4.5 306.71 40.4
2022.0 160.0 5819173.0 25100.0 0.8 312.67 39.25
2022.0 162.0 16808674.0 20900.0 8.0 309.34 39.88
2022.0 163.0 8789570.0 116000.0 10.3 305.17 41.33
2022.0 166.0 9128820.0 142000.0 2.8 303.59 39.68
2022.0 166.0 23719256.0 21400.0 4.0 309.34 44.59
2022.0 167.0 8075772.0 173000.0 11.4 304.64 37.95
2022.0 169.0 12029813.0 11700.0 0.0 303.06 40.13
2022.0 172.0 10031048.0 129000.0 5.7 302.9 40.78
2022.0 172.0 12637127.0 49100.0 1.0 309.28 39.32
2022.0 172.0 85315264.0 78400.0 11.1 302.19 41.8
2022.0 174.0 17898128.0 22900.0 2.2 303.35 39.03
2022.0 178.0 20562295.0 187000.0 12.5 306.13 40.87
2022.0 179.0 4741024.0 60500.0 3.5 309.23 41.12
2022.0 179.0 6728938.0 13700.0 1.6 305.91 38.78
2022.0 180.0 1829015.0 42000.0 5.9 306.14 44.23
2022.0 180.0 18781141.0 106000.0 26.4 307.71 42.16
2022.0 181.0 6022287.0 153000.0 3.5 306.97 41.2
2022.0 181.0 8475818.0 151000.0 9.0 310.56 38.63
2022.0 182.0 2708611.0 346000.0 5.1 308.45 44.47
2022.0 184.0 2650933.0 20500.0 3.5 310.45 44.43
2022.0 185.0 3833567.0 238000.0 4.9 308.04 36.81
2022.0 186.0 2476082.0 25300.0 1.2 305.49 42.13
2022.0 187.0 15623996.0 286000.0 22.1 311.69 44.43
2022.0 191.0 6724292.0 99400.0 27.0 309.85 44.29
2022.0 193.0 5120148.0 68700.0 4.4 310.55 37.56
2022.0 193.0 9897807.0 52500.0 7.1 306.79 41.41
2022.0 194.0 7450192.0 115000.0 3.3 303.47 38.2
2022.0 196.0 2056305.0 34200.0 7.3 308.96 40.95
2022.0 197.0 2315006.0 116000.0 5.5 308.3 37.76
2022.0 197.0 11226775.0 118000.0 0.8 309.61 41.2
2022.0 198.0 80445057.0 44400.0 4.8 303.27 39.19
2022.0 198.0 82969722.0 20000.0 3.4 303.53 39.58
2022.0 198.0 84323951.0 60800.0 0.0 301.89 41.26
2022.0 199.0 10900058.0 30800.0 1.2 310.34 41.63
2022.0 199.0 81034471.0 65300.0 6.5 307.88 45.19
2022.0 200.0 7518762.0 28900.0 6.6 309.95 44.16
2022.0 200.0 10659919.0 43600.0 0.0 310.55 43.16
2022.0 204.0 82300668.0 681000.0 25.6 305.77 42.94
2022.0 206.0 148579.0 19300.0 3.3 308.52 38.49
2022.0 208.0 83914074.0 623000.0 11.2 304.06 37.65
2022.0 209.0 82824946.0 262000.0 13.6 312.37 39.83
2022.0 210.0 78053848.0 57400.0 1.6 305.13 39.84
2022.0 211.0 80196247.0 38400.0 4.3 307.22 40.5
2022.0 211.0 80561533.0 4740.0 1.0 303.59 44.76
2022.0 215.0 79939361.0 126000.0 4.5 307.8 45.21
2022.0 216.0 1958661.0 43500.0 2.5 312.08 43.32
2022.0 218.0 81495091.0 94900.0 6.5 302.89 44.23
2022.0 219.0 5449410.0 46700.0 4.1 302.23 40.08
2022.0 220.0 8275729.0 132000.0 9.8 307.61 39.96
2022.0 224.0 79496750.0 52500.0 9.5 311.33 40.5
2022.0 224.0 81268918.0 28700.0 2.1 305.3 38.01
2022.0 224.0 81996914.0 80900.0 16.0 312.48 41.49
2022.0 225.0 2129154.0 164000.0 7.0 302.66 38.69
2022.0 225.0 9529757.0 11000.0 9.0 311.06 37.69
2022.0 226.0 3691004.0 84200.0 14.3 304.31 44.15
2022.0 227.0 6534628.0 49500.0 13.4 305.0 37.84
2022.0 229.0 26603.0 76300.0 1.6 303.67 38.66
2022.0 229.0 72979668.0 72600.0 5.4 306.55 38.76
2022.0 230.0 3557436.0 94100.0 9.3 309.22 42.12
2022.0 230.0 75813572.0 57900.0 8.7 306.32 42.7
2022.0 233.0 75388689.0 34300.0 1.9 302.42 39.74
2022.0 233.0 80556318.0 29800.0 3.0 305.5 45.55
2022.0 234.0 4933619.0 122000.0 9.1 308.46 40.76
2022.0 234.0 82285673.0 321000.0 4.1 303.99 44.53
2022.0 235.0 80637166.0 48100.0 11.4 305.1 38.64
2022.0 235.0 83440705.0 35300.0 0.6 304.95 45.23
2022.0 237.0 74000101.0 471000.0 29.8 304.68 38.3
2022.0 241.0 5531172.0 148000.0 21.9 305.45 44.38
2022.0 244.0 73709492.0 21500.0 4.3 304.32 42.31
2022.0 245.0 80799116.0 35800.0 3.4 311.76 39.2
2022.0 247.0 67449785.0 526000.0 47.7 305.0 40.01
2022.0 247.0 73106202.0 7370.0 2.5 305.32 38.26
2022.0 247.0 84980769.0 98000.0 3.9 308.5 41.35
2022.0 248.0 78959848.0 1050000.0 36.8 304.35 40.86
2022.0 248.0 79458870.0 314000.0 15.7 301.03 40.74
2022.0 248.0 82172955.0 477000.0 10.9 310.78 38.21
2022.0 249.0 76273127.0 13200.0 2.1 306.7 44.3
2022.0 253.0 70610515.0 137000.0 12.8 310.5 38.71
2022.0 253.0 84560858.0 20400.0 2.0 304.8 42.83
2022.0 254.0 78276805.0 5480.0 0.0 312.49 39.74
2022.0 255.0 74810551.0 84900.0 0.7 301.37 41.83
2022.0 256.0 66978735.0 2100000.0 56.7 303.6 45.12
2022.0 256.0 81565594.0 46500.0 3.8 309.4 41.09
2022.0 258.0 73997887.0 20500.0 2.9 307.0 39.9
2022.0 261.0 75942763.0 67900.0 6.2 308.93 38.77
2022.0 262.0 68341022.0 50500.0 4.1 305.85 39.76
2022.0 263.0 80849077.0 143000.0 7.5 312.28 39.6
2022.0 272.0 74238188.0 124000.0 8.6 303.49 39.02
2022.0 272.0 75010860.0 928000.0 56.9 304.72 37.93
2022.0 274.0 72627549.0 28600.0 0.5 308.13 37.85
2022.0 277.0 65793059.0 129000.0 3.9 301.85 41.43
2022.0 279.0 65675684.0 112000.0 5.7 308.19 42.49
2022.0 279.0 69260023.0 58500.0 1.8 308.03 43.83
2022.0 279.0 71225642.0 145000.0 6.4 308.39 38.12
2022.0 279.0 72519291.0 53500.0 6.3 310.45 40.3
2022.0 279.0 73098895.0 118000.0 1.6 311.67 40.47
2022.0 279.0 74271246.0 39400.0 16.4 302.82 43.09
2022.0 279.0 75174428.0 25800.0 3.4 304.35 39.88
2022.0 280.0 67456611.0 178000.0 0.9 302.85 43.42
2022.0 280.0 81148283.0 2130.0 1.3 312.11 41.71
2022.0 282.0 63329823.0 179000.0 4.8 309.66 42.09
2022.0 282.0 72211017.0 943000.0 29.5 306.7 41.93
2022.0 283.0 78633997.0 18800.0 3.2 306.81 44.6
2022.0 288.0 67757228.0 442000.0 45.0 309.88 38.56
2022.0 288.0 70629010.0 125000.0 4.4 306.59 37.15
2022.0 292.0 70326169.0 176000.0 7.4 306.09 41.8
2022.0 295.0 69605065.0 71200.0 3.0 307.64 43.12
2022.0 295.0 69780408.0 37700.0 3.0 308.34 39.34
2022.0 296.0 62280407.0 51000.0 7.0 308.95 36.95
2022.0 298.0 55999471.0 21400.0 1.0 301.49 40.37
2022.0 299.0 60593670.0 215000.0 1.7 305.09 43.54
2022.0 299.0 66364369.0 299000.0 13.4 309.07 44.71
2022.0 301.0 65424465.0 22600.0 7.5 312.59 43.47
2022.0 302.0 63664911.0 140000.0 4.9 311.75 44.19
2022.0 303.0 66114906.0 32000.0 9.5 303.66 42.14
2022.0 305.0 58339079.0 36000.0 1.5 306.29 36.7
2022.0 308.0 55538727.0 100000.0 3.8 306.93 38.36
2022.0 309.0 67409127.0 195000.0 7.3 301.49 43.17
2022.0 325.0 63155582.0 239000.0 5.6 304.42 38.49
2022.0 334.0 55504368.0 26900.0 1.2 301.71 43.14
2022.0 334.0 55973237.0 71500.0 2.7 309.53 39.26
2022.0 334.0 61708431.0 204000.0 15.3 302.84 39.61
2022.0 336.0 63395792.0 35000.0 0.8 302.46 44.14
2022.0 340.0 57556658.0 912000.0 31.4 304.38 40.27
2022.0 341.0 57005755.0 13500.0 1.8 308.65 40.49
2022.0 342.0 53642200.0 82500.0 10.7 306.66 41.47
2022.0 342.0 59230092.0 25600.0 1.2 304.11 38.2
2022.0 345.0 57377202.0 21800.0 5.0 301.88 42.88
2022.0 346.0 54768325.0 131000.0 5.4 308.28 44.63
2022.0 348.0 50173397.0 17200.0 1.4 308.01 42.61
2022.0 348.0 58619620.0 29300.0 7.0 304.77 42.37
2022.0 351.0 45292486.0 59400.0 15.8 303.2 41.08
2022.0 351.0 66787021.0 35800.0 22.4 305.57 45.24
2022.0 355.0 46459554.0 87500.0 3.9 303.1 43.97
2022.0 355.0 57977714.0 102000.0 2.6 306.18 39.86
2022.0 356.0 59292931.0 46100.0 4.9 310.7 40.93
2022.0 356.0 59683924.0 114000.0 4.0 304.33 45.15
2022.0 356.0 64077554.0 69100.0 16.2 311.06 43.03
2022.0 357.0 45112246.0 80000.0 6.3 301.78 42.5
2022.0 357.0 46746977.0 495000.0 22.7 302.98 41.22
2022.0 358.0 52913198.0 68900.0 7.1 303.29 44.14
2022.0 358.0 58201147.0 295000.0 24.2 310.55 44.48
2022.0 359.0 58577723.0 21700.0 2.1 310.19 41.5
2022.0 359.0 62132146.0 161000.0 9.9 306.98 43.53
2022.0 362.0 50470411.0 65800.0 8.9 311.33 43.75
2022.0 364.0 39554701.0 33200.0 6.8 309.87 37.87
2023.0 1.0 48731977.0 38400.0 2.0 308.87 37.4
2023.0 1.0 51768816.0 76300.0 8.4 306.57 38.77
2023.0 1.0 53247177.0 219000.0 17.4 310.94 40.31
2023.0 3.0 52719019.0 22800.0 5.1 305.1 43.84
2023.0 4.0 55012303.0 75200.0 7.0 308.66 38.8
2023.0 4.0 60795676.0 110000.0 18.9 304.17 43.94
2023.0 6.0 47406077.0 53400.0 3.3 304.63 40.79
2023.0 6.0 52059362.0 229000.0 20.1 306.83 45.68
2023.0 7.0 41211308.0 171000.0 11.4 312.19 38.84
2023.0 8.0 44250365.0 122000.0 7.9 305.94 40.78
2023.0 8.0 55791199.0 132000.0 27.8 310.4 41.53
2023.0 8.0 59484461.0 25200.0 0.0 311.16 44.32
2023.0 9.0 44153675.0 21700.0 11.5 306.56 39.97
2023.0 9.0 48710995.0 12900.0 0.0 311.66 43.25
2023.0 9.0 49686575.0 20700.0 1.8 309.99 42.4
2023.0 12.0 49991287.0 1130000.0 38.6 305.34 41.75
2023.0 13.0 41407590.0 31900.0 2.4 302.49 40.23
2023.0 15.0 47144755.0 69300.0 3.8 306.09 43.4
2023.0 17.0 45404404.0 58700.0 11.4 303.94 41.05
2023.0 18.0 42372286.0 2670.0 0.8 303.51 38.06
2023.0 18.0 46688403.0 12500.0 1.7 305.54 43.97
2023.0 20.0 48280955.0 434000.0 35.0 303.17 40.1
2023.0 20.0 49807577.0 734000.0 25.1 311.49 43.87
2023.0 21.0 46080183.0 14000.0 3.8 306.1 36.81
2023.0 22.0 39946366.0 47700.0 14.8 310.87 41.58
2023.0 22.0 52514471.0 73600.0 2.9 312.25 42.62
2023.0 27.0 45383775.0 77200.0 15.6 303.97 42.02
2023.0 28.0 41415019.0 4060.0 3.2 307.14 44.84
2023.0 28.0 41573087.0 6030.0 3.7 308.72 44.29
2023.0 32.0 49301752.0 15000.0 0.0 310.71 38.34
2023.0 35.0 40202304.0 3700.0 9.9 305.93 39.9
2023.0 35.0 43104168.0 29400.0 1.3 303.69 40.99
2023.0 40.0 42087316.0 24400.0 5.4 309.9 38.73
2023.0 40.0 42557058.0 193000.0 12.4 307.03 43.95
2023.0 44.0 30647231.0 568000.0 18.9 306.86 42.65
2023.0 45.0 43882054.0 45700.0 9.0 306.71 36.78
2023.0 49.0 39786362.0 19600.0 0.0 304.34 43.1
2023.0 59.0 39539184.0 109000.0 8.5 305.73 45.58
2023.0 59.0 47264121.0 13700.0 5.2 305.55 43.39
2023.0 60.0 35376600.0 26700.0 4.2 302.74 43.76
2023.0 61.0 30869743.0 167000.0 2.3 308.44 38.63
2023.0 61.0 40950019.0 120000.0 7.0 306.67 44.08
2023.0 62.0 37003770.0 33500.0 5.5 310.22 41.54
2023.0 63.0 38195037.0 36700.0 6.7 310.28 38.03
2023.0 64.0 44975212.0 28800.0 11.8 308.5 41.81
2023.0 67.0 27603667.0 104000.0 4.4 308.12 38.52
2023.0 71.0 35483481.0 13100.0 1.4 303.78 40.93
2023.0 72.0 33451592.0 125000.0 8.1 309.67 40.47
2023.0 72.0 40079666.0 172000.0 0.8 307.38 38.48
2023.0 73.0 36529241.0 7390.0 0.0 309.15 45.01
2023.0 75.0 24507538.0 43200.0 11.1 308.38 37.64
2023.0 75.0 32497700.0 842000.0 32.6 309.16 43.97
2023.0 76.0 30862207.0 179000.0 15.3 306.58 39.69
2023.0 76.0 37717229.0 138000.0 8.4 310.21 39.24
2023.0 77.0 35426293.0 40000.0 2.9 311.88 40.92
2023.0 79.0 26776962.0 13300.0 2.9 309.29 42.61
2023.0 79.0 27686685.0 21400.0 2.3 306.12 39.33
2023.0 79.0 33395687.0 5650.0 7.9 307.31 45.69
2023.0 80.0 33062705.0 47600.0 4.5 310.9 40.87
2023.0 81.0 34251146.0 259000.0 15.2 302.3 41.89
2023.0 81.0 36385503.0 280000.0 43.4 310.25 43.04
2023.0 81.0 40381182.0 68400.0 10.5 308.86 38.69
2023.0 82.0 34626305.0 153000.0 10.6 311.15 40.72
2023.0 82.0 43372678.0 14700.0 0.0 309.49 40.44
2023.0 84.0 21407968.0 57700.0 2.7 310.89 41.86
2023.0 85.0 35757714.0 346000.0 10.6 310.63 42.89
2023.0 87.0 29362139.0 65800.0 3.5 311.42 43.96
2023.0 89.0 21022472.0 159000.0 10.0 304.36 43.42
2023.0 89.0 25545282.0 104000.0 1.2 307.52 37.48
2023.0 89.0 28955290.0 27100.0 3.5 308.19 40.71
2023.0 90.0 17954312.0 91700.0 9.1 311.18 38.68
2023.0 91.0 30581639.0 11100.0 4.9 306.2 38.67
2023.0 91.0 30838518.0 94800.0 2.6 311.55 38.78
2023.0 92.0 17596041.0 26800.0 6.6 307.51 39.28
2023.0 92.0 19066465.0 23300.0 3.0 311.75 42.37
2023.0 95.0 32015655.0 10500.0 1.3 309.48 37.96
2023.0 96.0 27174235.0 21500.0 54.7 302.86 40.12
2023.0 99.0 31363560.0 144000.0 0.8 304.51 41.14
2023.0 99.0 32312007.0 5210.0 1.3 312.77 40.74
2023.0 99.0 35116641.0 14800.0 2.9 309.89 42.62
2023.0 100.0 19252495.0 155000.0 3.3 311.27 38.8
2023.0 100.0 20114768.0 91400.0 17.4 302.13 43.81
2023.0 101.0 26365214.0 13000.0 6.0 304.13 37.42
2023.0 102.0 21417077.0 312000.0 16.0 311.03 40.73
2023.0 102.0 26236703.0 31100.0 2.5 301.48 39.71
2023.0 102.0 31031431.0 28800.0 1.0 311.83 41.64
2023.0 105.0 22064126.0 87700.0 3.1 303.83 41.41
2023.0 107.0 21615615.0 63200.0 1.5 304.74 44.14
2023.0 107.0 23915246.0 12500.0 2.7 310.25 39.18
2023.0 107.0 29235876.0 243000.0 19.0 313.14 42.51
2023.0 107.0 33386366.0 453000.0 60.2 312.45 41.49
2023.0 108.0 19489557.0 60500.0 9.0 306.6 38.77
2023.0 108.0 27747597.0 122000.0 8.5 309.72 39.11
2023.0 109.0 22599080.0 242000.0 11.7 307.56 38.72
2023.0 109.0 25976645.0 149000.0 13.2 305.57 40.1
2023.0 110.0 19153825.0 434000.0 53.4 303.26 40.12
2023.0 113.0 23661586.0 14900.0 3.5 307.56 37.22
2023.0 116.0 27486343.0 43500.0 16.4 312.27 41.85
2023.0 117.0 10752311.0 2370.0 1.0 304.19 38.13
2023.0 117.0 21108344.0 34300.0 12.7 306.18 40.26
2023.0 119.0 18142622.0 17900.0 6.4 307.54 38.9
2023.0 121.0 21430893.0 141000.0 7.1 312.64 41.59
2023.0 122.0 15390941.0 106000.0 4.4 309.64 37.74
2023.0 122.0 23980016.0 115000.0 16.6 307.23 41.27
2023.0 123.0 17911736.0 13500.0 3.1 304.71 42.01
2023.0 124.0 18277928.0 55800.0 4.4 305.97 40.98
2023.0 124.0 23292888.0 53700.0 5.9 312.85 41.85
2023.0 126.0 13516848.0 46000.0 5.9 307.69 39.35
2023.0 126.0 15824884.0 35400.0 7.0 304.59 44.88
2023.0 126.0 28780500.0 53200.0 5.3 312.04 41.59
2023.0 127.0 15984509.0 340000.0 23.6 301.27 41.54
2023.0 128.0 24063221.0 42800.0 4.7 312.89 40.28
2023.0 129.0 19763453.0 150000.0 10.3 301.93 39.09
2023.0 129.0 19834981.0 129000.0 8.3 310.99 44.53
2023.0 130.0 19783942.0 20100.0 8.1 311.35 41.82
2023.0 131.0 15996165.0 15500.0 1.1 306.06 39.72
2023.0 132.0 13216092.0 291000.0 17.0 309.33 40.63
2023.0 132.0 18391062.0 60800.0 3.0 306.49 40.5
2023.0 133.0 15025876.0 11900.0 7.3 307.2 43.26
2023.0 133.0 21412389.0 26800.0 7.8 313.35 41.34
2023.0 133.0 23192051.0 15900.0 21.6 302.88 44.04
2023.0 136.0 20617920.0 49800.0 6.0 308.95 41.06
2023.0 139.0 23971974.0 28200.0 23.4 312.01 41.36
2023.0 140.0 15374240.0 61900.0 2.6 306.2 37.72
2023.0 140.0 21370516.0 69600.0 14.6 303.26 39.93
2023.0 141.0 24463068.0 16700.0 3.0 304.45 45.14
2023.0 142.0 10498848.0 81900.0 6.2 302.54 40.49
2023.0 142.0 13659851.0 52400.0 1.2 310.09 42.02
2023.0 142.0 27359243.0 57600.0 5.6 312.87 42.24
2023.0 143.0 8222196.0 118000.0 17.8 309.83 38.39
2023.0 143.0 14874396.0 6130.0 0.7 309.45 41.19
2023.0 143.0 15722945.0 107000.0 6.2 306.13 37.0
2023.0 144.0 21140848.0 18200.0 1.5 310.87 39.57
2023.0 145.0 22977344.0 53600.0 5.5 303.9 38.71
2023.0 146.0 4439694.0 239000.0 21.0 308.7 45.09
2023.0 149.0 22472635.0 96700.0 3.7 310.43 40.47
2023.0 150.0 13699566.0 96000.0 2.3 308.2 40.74
2023.0 151.0 19564636.0 293000.0 14.4 307.58 41.1
2023.0 152.0 15292989.0 168000.0 11.7 303.7 44.88
2023.0 152.0 17110224.0 12200.0 0.0 309.55 40.96
2023.0 153.0 11648860.0 100000.0 4.5 306.5 40.58
2023.0 154.0 20032152.0 29800.0 13.4 305.56 45.6
2023.0 155.0 16951861.0 19600.0 0.0 312.3 39.01
2023.0 155.0 22010064.0 35100.0 12.8 311.96 39.78
2023.0 159.0 21844821.0 241000.0 11.7 312.92 39.96
2023.0 160.0 23115342.0 113000.0 12.7 301.88 43.1
2023.0 163.0 20369217.0 70600.0 9.7 309.3 37.55
2023.0 164.0 8115618.0 40300.0 4.6 309.82 37.31
2023.0 164.0 16296645.0 10300.0 1.6 306.01 39.31
2023.0 164.0 18301098.0 54800.0 1.5 312.41 41.37
2023.0 166.0 19104225.0 53300.0 13.7 302.54 43.62
2023.0 167.0 7147841.0 119000.0 4.0 311.37 40.8
2023.0 167.0 11020453.0 124000.0 12.2 304.5 37.68
2023.0 169.0 14017485.0 51300.0 2.3 306.33 43.81
2023.0 170.0 15942033.0 176000.0 23.7 312.71 41.87
2023.0 172.0 7414307.0 105000.0 6.3 303.48 41.36
2023.0 172.0 11806799.0 65400.0 2.9 310.61 43.99
2023.0 172.0 15609477.0 119000.0 2.1 305.77 43.78
2023.0 173.0 7527900.0 35500.0 4.6 308.97 44.25
2023.0 176.0 936705.0 42800.0 8.4 306.08 39.99
2023.0 177.0 16384018.0 462000.0 19.0 308.22 41.8
2023.0 177.0 17138219.0 63700.0 6.5 304.46 38.66
2023.0 178.0 14909505.0 433000.0 12.7 309.71 40.95
2023.0 179.0 6122770.0 30500.0 11.1 307.92 43.8
2023.0 179.0 6907562.0 180000.0 8.5 311.75 41.73
2023.0 179.0 10245405.0 8000.0 0.8 312.79 40.06
2023.0 179.0 12829525.0 23100.0 1.0 310.91 42.38
2023.0 180.0 6940810.0 15900.0 5.2 306.08 45.84
2023.0 180.0 7081780.0 21800.0 1.8 304.74 41.09
2023.0 181.0 1711707.0 4220.0 1.5 309.12 38.76
2023.0 181.0 14048175.0 65600.0 5.6 310.19 42.12
2023.0 182.0 4102432.0 64200.0 2.0 308.8 43.63
2023.0 183.0 940797.0 325000.0 13.3 304.71 43.32
2023.0 184.0 1801008.0 131000.0 8.8 311.46 40.5
2023.0 185.0 79274527.0 429000.0 89.8 303.18 39.78
2023.0 187.0 3071328.0 41100.0 1.4 302.5 39.17
2023.0 187.0 8114431.0 23600.0 0.0 306.68 37.85
2023.0 187.0 9975230.0 25100.0 1.2 305.64 45.48
2023.0 194.0 10260788.0 150000.0 2.7 311.98 40.61
2023.0 195.0 1189850.0 57700.0 11.8 304.62 45.11
2023.0 195.0 4643211.0 100000.0 8.4 303.29 42.33
2023.0 195.0 85545186.0 265000.0 32.3 306.16 42.7
2023.0 196.0 86008400.0 27300.0 3.4 306.12 36.8
2023.0 197.0 8109836.0 286000.0 15.9 305.33 38.28
2023.0 198.0 2240021.0 58000.0 2.5 308.47 38.38
2023.0 200.0 1014657.0 553000.0 39.3 306.31 37.2
2023.0 200.0 9317806.0 36700.0 2.4 308.56 45.55
2023.0 200.0 82658440.0 16400.0 4.8 307.45 42.66
2023.0 202.0 6073147.0 218000.0 7.6 311.35 43.79
2023.0 202.0 83511087.0 65600.0 1.3 303.71 45.11
2023.0 203.0 86154245.0 49000.0 4.5 304.25 40.0
2023.0 205.0 2073157.0 49800.0 3.0 304.89 39.88
2023.0 205.0 82518571.0 17400.0 4.2 305.42 38.05
2023.0 206.0 4708998.0 23700.0 4.2 306.67 44.43
2023.0 206.0 5551006.0 16500.0 1.8 307.74 39.26
2023.0 206.0 7099799.0 20800.0 5.3 303.66 39.17
2023.0 206.0 9376981.0 165000.0 6.3 307.07 39.25
2023.0 208.0 85796596.0 22100.0 2.4 302.19 40.61
2023.0 209.0 82631550.0 92100.0 5.1 302.56 39.13
2023.0 209.0 84364023.0 79500.0 0.0 310.17 42.06
2023.0 211.0 10687258.0 10300.0 5.1 310.04 41.69
2023.0 213.0 2729694.0 122000.0 1.0 305.65 39.37
2023.0 214.0 11431502.0 50300.0 25.2 310.59 39.15
2023.0 215.0 84391215.0 132000.0 10.7 305.43 39.78
2023.0 217.0 82805428.0 248000.0 21.9 311.32 42.84
2023.0 222.0 82403036.0 164000.0 4.0 308.8 40.34
2023.0 225.0 76126126.0 51100.0 1.6 306.12 41.59
2023.0 226.0 4657651.0 59300.0 1.1 304.32 37.88
2023.0 226.0 76768785.0 123000.0 6.7 310.72 37.85
2023.0 226.0 81248662.0 21100.0 0.8 308.64 38.96
2023.0 226.0 83830039.0 81100.0 3.1 302.55 40.55
2023.0 228.0 81762556.0 24800.0 4.9 312.49 40.83
2023.0 228.0 82017729.0 319000.0 20.9 309.73 44.41
2023.0 228.0 83597871.0 188000.0 12.5 305.19 43.99
2023.0 230.0 81888199.0 23800.0 3.9 310.76 37.76
2023.0 231.0 73268695.0 13700.0 2.8 311.59 39.08
2023.0 231.0 76803483.0 58600.0 7.3 304.95 39.06
2023.0 232.0 76473428.0 85600.0 17.8 301.44 40.07
2023.0 232.0 77834728.0 263000.0 34.7 302.69 40.75
2023.0 300.0 61695191.0 23500.0 7.8 308.03 44.92
2023.0 300.0 69363598.0 80700.0 2.8 302.74 43.29
2023.0 302.0 65653400.0 91700.0 8.4 302.77 42.98
2023.0 304.0 61563653.0 41600.0 8.6 303.87 43.73
2023.0 306.0 57519249.0 1310.0 2.2 305.21 42.1
2023.0 306.0 62610161.0 31900.0 89.5 303.31 43.56
2023.0 307.0 55114734.0 31000.0 8.8 308.17 39.65
2023.0 307.0 68064405.0 31100.0 0.5 308.86 43.7
2023.0 309.0 66606580.0 58700.0 5.4 305.09 42.43
2023.0 311.0 56193087.0 238000.0 6.3 308.61 37.48
2023.0 311.0 59986564.0 54700.0 9.8 308.91 38.27
2023.0 311.0 60796437.0 195000.0 7.9 301.76 40.81
2023.0 313.0 62268170.0 22300.0 2.4 308.38 37.9
2023.0 313.0 71219361.0 98700.0 5.7 306.84 39.71
2023.0 320.0 55328830.0 5130.0 6.7 306.85 39.65
2023.0 320.0 57990036.0 47700.0 0.0 307.59 39.17
2023.0 320.0 62761755.0 97000.0 7.5 305.18 37.45
2023.0 320.0 65472124.0 56400.0 2.6 308.56 39.9
2023.0 321.0 65807885.0 71200.0 2.5 305.68 40.87
2023.0 322.0 63215784.0 346000.0 43.1 306.79 40.88
2023.0 323.0 53698277.0 128000.0 24.8 306.96 39.58
2023.0 323.0 56885620.0 10900.0 1.0 308.97 43.35
2023.0 324.0 72564676.0 903000.0 125.4 307.73 41.79
2023.0 325.0 55833738.0 40400.0 1.5 311.99 38.92
2023.0 328.0 60589070.0 27100.0 2.0 308.33 40.92
2023.0 329.0 52502639.0 65500.0 1.1 306.36 40.88
2023.0 329.0 68020905.0 28700.0 7.7 304.31 44.95
2023.0 330.0 55585387.0 103000.0 11.2 309.6 37.55
2023.0 330.0 58298668.0 17100.0 1.6 312.13 41.91
2023.0 331.0 59341824.0 106000.0 10.2 308.93 37.76
2023.0 333.0 47610855.0 364000.0 18.8 310.63 44.35
2023.0 334.0 46838213.0 89200.0 12.6 311.24 43.21
2023.0 334.0 67942172.0 59500.0 26.8 306.86 43.78
2023.0 335.0 59931660.0 71300.0 2.7 309.58 42.48
2023.0 338.0 61164643.0 89600.0 5.6 307.45 40.23
2023.0 339.0 58500852.0 486000.0 17.6 303.79 40.71
2023.0 340.0 55916690.0 54800.0 12.9 304.58 37.88
2023.0 342.0 58565187.0 272000.0 11.3 310.6 39.74
2023.0 343.0 55370306.0 40400.0 2.7 303.27 41.63
2023.0 344.0 48182311.0 131000.0 9.9 306.32 45.4
2023.0 347.0 55889229.0 45500.0 3.1 308.73 41.27
2023.0 347.0 57437655.0 96800.0 8.0 304.46 38.04
2023.0 348.0 46772107.0 146000.0 5.7 305.66 42.79
2023.0 348.0 63025216.0 68000.0 5.5 305.8 40.14
2023.0 350.0 66433157.0 23400.0 5.1 309.78 45.37
2023.0 351.0 55335274.0 154000.0 11.6 312.35 43.7
2023.0 351.0 57695941.0 280000.0 6.5 310.42 42.21
2023.0 352.0 47021306.0 45300.0 5.0 303.88 39.5
2023.0 356.0 54307258.0 44900.0 2.5 303.34 38.5
2023.0 357.0 55327026.0 11400.0 1.0 304.83 43.32
2023.0 359.0 41096556.0 752000.0 17.5 304.91 41.21
2023.0 359.0 55412232.0 182000.0 6.2 304.84 44.35
2023.0 364.0 46178134.0 69200.0 3.5 302.96 41.96
2023.0 364.0 46942474.0 49100.0 4.3 304.1 40.37
2023.0 364.0 48744408.0 303000.0 3.5 305.25 38.92
2023.0 365.0 49324383.0 220000.0 13.5 305.14 37.38
2024.0 1.0 50982816.0 26700.0 1.3 303.3 40.36
2024.0 1.0 51961776.0 81900.0 13.8 308.59 43.7
2024.0 2.0 52594703.0 93100.0 2.1 303.3 42.45
2024.0 3.0 46946725.0 26100.0 3.5 301.21 40.95
2024.0 3.0 51351781.0 161000.0 11.1 312.56 43.46
2024.0 4.0 57299278.0 108000.0 7.7 306.47 39.49
2024.0 6.0 55017392.0 105000.0 11.7 301.27 41.4
2024.0 7.0 51019466.0 16600.0 0.6 312.53 39.56
2024.0 8.0 42285910.0 121000.0 2.0 309.25 45.25
2024.0 10.0 42972528.0 28200.0 2.5 312.6 42.18
2024.0 10.0 51292315.0 229000.0 11.0 311.2 39.55
2024.0 10.0 53074898.0 28200.0 11.1 304.64 43.0
2024.0 12.0 39961047.0 43500.0 3.1 303.19 40.85
2024.0 12.0 49805699.0 94600.0 4.9 304.32 42.22
2024.0 12.0 55300916.0 162000.0 9.6 306.6 41.7
2024.0 13.0 39241603.0 114000.0 10.0 308.1 40.91
2024.0 13.0 52733589.0 77700.0 10.7 302.42 39.27
2024.0 13.0 56894530.0 312000.0 21.3 308.42 41.3
2024.0 15.0 45105872.0 267000.0 12.2 304.61 39.57
2024.0 15.0 55556359.0 965000.0 33.3 308.46 41.55
2024.0 17.0 42367657.0 3320.0 1.5 305.17 41.87
2024.0 18.0 50732154.0 34800.0 3.1 311.7 38.99
2024.0 19.0 35754221.0 272000.0 20.9 305.8 44.52
2024.0 20.0 45560225.0 124000.0 9.2 306.04 38.55
2024.0 21.0 50317142.0 57900.0 16.4 305.01 39.08
2024.0 22.0 44764031.0 130000.0 2.8 312.72 43.51
2024.0 23.0 42047134.0 84300.0 1.8 307.54 40.28
2024.0 23.0 52836310.0 4620.0 1.0 306.55 41.45
2024.0 24.0 51809733.0 77500.0 2.4 304.59 42.8
2024.0 26.0 43781961.0 672000.0 38.2 308.81 40.96
2024.0 28.0 42979841.0 214000.0 1.3 305.85 39.7
2024.0 29.0 48779399.0 28100.0 3.1 311.16 40.92
2024.0 30.0 41021176.0 274000.0 9.0 310.36 42.64
2024.0 31.0 45100006.0 227000.0 13.9 304.95 45.29
2024.0 32.0 37847802.0 119000.0 10.2 310.09 43.95
2024.0 34.0 32193871.0 293000.0 26.7 307.9 37.51
2024.0 34.0 43083116.0 439000.0 16.0 306.71 39.17
2024.0 34.0 53377262.0 40800.0 7.6 313.26 42.45
2024.0 37.0 46052627.0 31400.0 1.2 306.71 44.5
2024.0 38.0 44894880.0 93300.0 1.5 310.78 42.32
2024.0 39.0 48150759.0 112000.0 5.7 311.14 41.54
2024.0 40.0 46264439.0 80000.0 4.4 312.77 41.18
2024.0 40.0 47799661.0 114000.0 3.7 311.53 42.8
2024.0 41.0 37104561.0 8210.0 9.4 307.32 45.36
2024.0 44.0 38738443.0 179000.0 8.2 311.11 38.98
2024.0 44.0 39406406.0 207000.0 8.7 311.77 40.9
2024.0 44.0 41020609.0 11900.0 0.0 304.3 40.63
2024.0 44.0 50016702.0 30900.0 10.2 306.11 41.79
2024.0 45.0 35742301.0 13400.0 4.8 311.52 42.77
2024.0 51.0 29944150.0 7030.0 2.1 302.81 42.84
2024.0 52.0 31860760.0 168000.0 5.2 310.27 40.15
2024.0 52.0 36749521.0 10900.0 0.0 308.73 42.86
2024.0 53.0 39699659.0 88900.0 17.5 301.55 41.74
2024.0 53.0 46357619.0 5540.0 3.7 309.39 40.92
2024.0 55.0 41354305.0 13200.0 6.3 311.1 38.3
2024.0 56.0 37850239.0 419000.0 10.5 307.73 38.62
2024.0 58.0 35298028.0 96900.0 7.9 309.07 38.09
2024.0 58.0 36204842.0 143000.0 5.1 303.79 42.73
2024.0 62.0 35946801.0 26100.0 8.5 307.66 44.07
2024.0 63.0 33590025.0 3310.0 0.0 301.07 41.86
2024.0 63.0 37406958.0 288000.0 6.8 302.35 38.67
2024.0 63.0 39283144.0 157000.0 6.4 309.65 41.07
2024.0 64.0 42758895.0 183000.0 3.9 305.35 45.03
2024.0 65.0 26998942.0 222000.0 11.8 304.96 45.07
2024.0 68.0 42765333.0 43200.0 49.0 311.52 40.25
2024.0 70.0 31268792.0 10500.0 1.0 306.98 37.84
2024.0 70.0 41728654.0 82300.0 4.8 305.15 41.25
2024.0 84.0 34514433.0 99100.0 7.6 306.16 40.65
2024.0 85.0 24245960.0 146000.0 3.6 306.21 44.01
2024.0 86.0 22701059.0 48900.0 4.6 302.0 39.37
2024.0 92.0 24749507.0 9360.0 1.0 304.96 41.18
2024.0 93.0 23099999.0 136000.0 6.9 312.89 42.59
2024.0 93.0 33925207.0 32400.0 3.8 308.06 42.09
2024.0 95.0 30699652.0 121000.0 10.6 306.85 39.79
2024.0 96.0 20842959.0 52000.0 8.7 309.41 44.54
2024.0 101.0 22526819.0 56700.0 3.2 309.89 43.8
